199 200 201 220 221 222 241 242 243 
195 196 197 216 217 218 237 238 239 
191 192 193 212 213 214 233 234 235 
203 204 205 224 225 226 245 246 247 
207 208 209 228 229 230 249 250 251 
283 284 285 304 305 306 325 326 327 
279 280 281 300 301 302 321 322 323 
275 276 277 296 297 298 317 318 319 
287 288 289 308 309 310 329 330 331 
291 292 293 312 313 314 333 334 335 
367 368 369 388 389 390 409 410 411 
363 364 365 384 385 386 405 406 407 
359 360 361 380 381 382 401 402 403 
371 372 373 392 393 394 413 414 415 
375 376 377 396 397 398 417 418 419 
115 116 117 136 137 138 157 158 159 
111 112 113 132 133 134 153 154 155 
107 108 109 128 129 130 149 150 151 
119 120 121 140 141 142 161 162 163 
123 124 125 144 145 146 165 166 167 
31 32 33 52 53 54 73 74 75 
27 28 29 48 49 50 69 70 71 
23 24 25 44 45 46 65 66 67 
35 36 37 56 57 58 77 78 79 
39 40 41 60 61 62 81 82 83 
