4330
1046
1023
998
1084
1360
1059
1043
1187
1031
1012
1041
1022
1186
1006
1004
2031
1039
1064
1328
1068
2047
1316
1097
1056
1104
1063
1048
1059
1060
1036
1115
1078
1069
982
1124
1002
1079
1064
1068
1046
1055
1049
1051
1119
1049
1039
1046
1024
1045
1047
1050
1074
1035
1037
1048
1028
1040
1033
1099
1063
1028
1055
1018
1045
1037
1085
1005
1035
1036
1037
1033
1006
1091
1020
1031
1098
1078
1087
1056
1036
1033
1044
1063
1070
1091
1018
1025
1041
1062
1024
1044
1035
1078
998
1061
1014
1034
1012
1031
1074
1026
1058
1023
1038
1011
1028
1053
1067
1135
977
1027
1023
1038
1012
1032
1052
1119
1086
1081
1091
966
1038
1033
1111
1495
1517
1149
1075
997
1082
996
1029
1031
1026
1030
1026
1035
1031
1029
1086
1028
1028
1030
1029
1026
1028
1018
1021
1032
1012
1036
998
1033
1016
1024
1025
1023
1032
1032
1007
1021
1017
1015
1022
1020
1017
1049
1003
1022
1021
1022
1021
1021
1017
1015
1017
1022
1015
1020
1035
1023
1012
1016
1040
1056
995
1003
1029
1003
1048
1022
1012
1020
1123
1102
1094
1131
1082
1071
1060
1006
1024
1059
1012
996
1015
1007
1029
1011
1019
1018
1032
1012
1015
1013
1014
1027
1030
1024
1026
991
1010
1027
1006
1024
1018
1018
1019
1016
1017
1017
1059
1704
1831
923
1091
1014
1014
1015
1015
1016
1016
1017
1051
1009
989
1052
1011
1014
1022
1031
1088
1184
992
1116
918
1015
1013
1014
1011
1007
1014
1012
1016
1011
1006
1012
1074
983
969
1064
952
1009
1009
1007
1009
1025
1010
997
1015
1023
1009
997
1006
1008
1006
1006
1006
1015
997
1006
1015
997
1010
1027
986
1005
1016
1016
1007
1010
1011
1011
1010
1015
1031
990
1009
1003
1004
1016
1010
1009
1003
999
1004
1023
986
1012
1009
1010
998
1003
1009
1001
1002
1003
1004
1013
1007
1009
1003
1003
1005
1003
1004
1020
1000
1022
1050
1021
983
1059
1000
1015
1051
1013
1055
993
1024
1017
987
997
1011
986
1003
1006
1004
1016
1011
985
1023
986
1003
1010
1005
1006
1023
1000
1031
995
1010
989
999
1032
1001
2249
741
984
993
988
998
1005
985
987
993
987
998
994
1284
988
1024
976
965
992
986
982
1011
971
994
1487
901
993
987
2445
883
966
1024
1004
928
995
981
1540
946
971
979
997
980
947
972
973
980
972
979
993
957
973
977
975
978
977
984
981
973
974
988
996
981
1008
1081
973
1291
974
981
974
976
976
979
1018
943
980
1026
935
989
968
998
969
980
982
983
980
965
982
976
977
995
986
983
981
995
962
1009
958
1016
944
982
983
979
978
980
981
987
1006
969
983
988
981
983
981
986
986
981
984
979
988
987
990
990
994
1002
969
987
991
989
988
989
990
1008
989
975
992
1004
994
992
969
991
988
998
986
989
991
991
991
990
991
1043
945
990
953
991
987
993
1009
1010
990
982
988
987
973
992
995
988
992
991
991
992
1014
965
997
1004
1025
991
949
992
992
991
1037
970
1015
962
987
994
993
993
987
996
996
994
1008
982
988
992
992
992
991
994
988
999
992
1076
926
989
992
983
2031
972
998
1002
1004
986
1019
992
1000
995
1032
987
1004
1000
981
998
1002
1009
973
998
997
997
996
1007
1003
998
983
994
1000
995
992
1024
996
1005
979
998
988
1000
995
1026
954
995
995
1000
1002
996
998
1010
1013
977
1102
1048
998
1012
970
1028
970
997
1002
1008
992
1009
1001
1020
1009
1011
967
993
999
1009
1033
996
999
1006
990
1005
980
1038
964
1005
997
994
999
1003
1042
969
989
995
1028
1003
1000
1007
1011
989
1001
1000
1002
1044
995
1028
974
1035
1070
1189
962
1027
994
1002
1029
968
1006
997
996
1010
1062
994
1105
1019
975
1003
1014
962
1000
1023
1007
980
1023
1027
985
1030
988
991
1034
1023
974
1005
1005
1009
1003
1005
1005
1004
1011
998
1004
1006
1004
1007
1002
978
999
1002
998
998
997
998
999
1000
1000
999
1007
1000
1009
1026
964
1002
998
998
999
1000
1000
998
998
999
1014
982
1000
1000
1019
980
1004
996
998
1001
995
1003
997
1025
1021
1006
1005
1035
1024
998
990
1003
1015
981
999
1001
2563
996
998
1000
995
998
1044
972
989
1016
994
989
1000
1011
979
1050
985
955
1000
999
996
1020
1000
1006
994
999
999
984
1013
982
1016
1003
1003
969
1008
997
999
997
997
1022
976
1003
1018
1008
988
998
973
1016
995
983
992
1003
1042
954
997
1001
1003
997
994
1001
1007
997
1019
1210
1248
980
941
1008
999
992
994
1019
987
989
1002
999
999
1031
988
1008
999
996
987
995
995
1008
989
998
1047
952
1042
957
1002
999
1000
1004
994
998
1044
1000
1000
956
1000
1000
999
1000
1043
954
1001
1000
995
1002
997
1013
1020
993
1006
1002
1004
1009
986
1015
988
999
1138
996
1001
1177
993
990
1001
988
1004
992
999
1016
989
989
996
1009
1011
938
969
1030
978
976
996
972
996
1017
1001
981
996
996
1008
987
1001
1012
985
998
1014
987
994
1025
1003
983
995
997
999
1005
987
1015
1010
1002
1024
970
1013
982
1009
1004
997
996
991
971
1000
1018
992
1009
1006
1014
1002
993
1003
1005
1002
1009
1007
1004
1001
975
996
1026
984
1009
987
986
997
1003
1046
978
999
1000
1014
980
998
995
998
990
992
1002
999
1000
1000
1000
999
1000
1000
1002
997
1000
999
1000
1000
1024
993
998
996
992
1000
1002
1000
1001
997
1001
1002
1009
997
999
1001
1002
1001
997
1002
1003
1007
1001
1000
1002
1002
1001
1002
1000
1001
1001
1033
1022
1016
957
998
997
1057
1003
1007
1029
1133
976
1005
1024
975
1008
1030
1088
1092
987
999
1026
963
1002
1002
1005
1000
1000
1034
982
983
1002
1002
1001
1008
996
1005
1018
988
996
1001
997
1004
999
1005
996
1001
957
995
1009
1000
1002
993
1016
1002
1020
1004
991
987
1013
1000
1001
1002
998
1010
1002
999
1003
1012
1036
955
1007
1006
991
1036
985
1008
998
1007
992
996
999
999
999
1000
968
1000
1004
1022
992
986
1031
1004
996
1019
988
1002
1001
1012
998
990
1022
1006
987
988
1006
1041
973
1004
1002
1003
1004
1001
1003
1001
1005
1068
999
973
1000
997
998
1000
999
981
1023
999
1003
1002
1011
1002
1001
1047
969
1000
1025
997
1053
987
973
996
1000
999
999
1006
992
1002
1001
1001
1004
1045
984
976
1001
1004
1032
982
1012
1023
993
1001
1019
994
1020
989
1002
1000
1015
983
1001
999
1000
1000
997
999
998
993
998
1021
1092
1118
1127
1110
1184
1086
1140
950
1021
985
1001
1015
1006
1008
1001
1007
1003
1004
1014
1000
1005
994
1004
1004
1006
1002
1004
1003
1013
996
1008
1002
1003
1012
1021
982
1011
1002
1004
1004
1005
1003
1003
1008
1002
1005
1000
1007
1003
1001
1006
1010
1003
1030
985
1002
1002
1047
959
1002
1003
1009
1001
1012
1006
997
1005
1005
1003
1002
1010
999
1002
1009
1012
987
1001
1002
1004
1001
1012
994
1002
1007
1006
1017
1008
999
992
1011
991
999
996
1001
999
1006
1023
984
1019
1031
959
1004
1042
980
987
1000
1003
1002
1002
1001
1004
1003
1003
1003
1007
1004
1005
997
1015
993
1006
994
998
1004
1001
1001
1001
1001
1003
1001
1002
1003
1003
1005
1003
995
997
1010
991
1005
1001
1005
999
1002
1001
1001
998
999
1000
1003
998
1026
986
1046
962
1001
992
998
1000
1006
1002
1001
1003
1002
1007
989
1012
1001
996
997
1013
999
1000
999
996
999
1003
998
1000
1010
1005
1005
994
1003
1021
986
1005
1016
982
997
1001
993
1000
1032
1023
1086
991
1018
964
1014
1032
1004
974
1000
1080
995
993
996
1069
1063
960
1060
991
1000
1009
1002
1001
1112
1021
1003
1012
998
1000
1034
985
1006
1002
1000
1004
1012
996
1001
1004
994
1008
1075
1011
1007
1002
992
1016
1001
1000
1005
997
1005
1001
1007
1001
997
1001
1106
1045
939
1093
1161
1129
991
998
999
1002
996
1001
1016
994
1051
1120
1599
994
1182
1000
975
1029
1107
1165
1075
1072
1084
1067
1066
1282
996
1022
1155
1039
1097
983
1158
1118
1117
955
1042
1016
1019
1015
1031
1026
1007
1037
1022
1015
1023
1031
1017
1000
1022
1017
1005
1012
1009
1005
1014
1011
1007
946
1025
942
1035
1002
1012
1037
962
1032
947
1026
1051
969
1017
1014
1007
1019
1007
1017
1030
996
1004
1008
1008
995
1015
1004
1045
973
1027
1015
993
1024
1005
1010
1008
1011
1011
1023
1010
1023
1009
1009
1014
1015
998
1025
1006
993
1021
1015
1015
1005
1010
1019
1142
1019
1019
983
978
1035
1006
1001
1020
979
1036
995
978
1060
985
1004
1011
1031
1180
1061
989
1042
1065
1057
1065
1135
1079
1082
1043
1011
1040
1008
1109
991
1032
1012
994
1059
1080
1099
997
1000
1067
1024
995
1020
1073
1087
1076
1069
1121
1045
1021
1021
1023
1038
1029
1016
1038
1029
1035
989
1025
1115
1132
1175
1071
1191
1156
1138
1161
1132
1118
1022
1017
1016
1022
1018
1016
1017
1018
1017
1030
1005
1042
1016
1024
1023
1015
1020
1014
1018
1015
1024
996
1043
1111
1083
1100
1333
1126
1113
1110
1135
1263
1311
1227
1026
1021
1020
1026
1042
1032
1031
1021
1032
1030
1031
1035
1023
1018
1034
1015
1013
1011
1021
1015
1015
1016
1010
1035
1116
1026
1016
1016
1015
1045
988
1078
1033
1071
1129
1091
1095
1085
1090
1109
1176
1027
1112
1081
1250
991
1027
1023
1015
1031
1046
1034
1025
1005
1027
1016
1018
1020
1017
1023
1029
1015
1008
1026
1047
988
1023
1013
1021
1019
1016
1013
1033
982
989
1033
1022
1040
1028
1199
1032
1032
1003
1017
1010
1024
1017
1017
1020
1007
957
1029
1021
1015
1032
1013
1019
1018
1017
1014
1017
1018
1017
1016
1016
1013
1025
1142
1031
1037
1026
1016
1040
993
1029
1033
983
1016
1195
1007
950
1027
1016
1014
1016
1097
1001
1143
1027
958
1010
1137
1114
1108
1110
1121
1103
1106
1016
1041
1004
1022
1022
1016
1025
1021
1188
1114
1075
1107
1029
1022
1023
1009
1045
1027
1022
1035
993
1053
1007
1037
1002
1020
1019
1022
1018
1019
1019
1021
1028
1005
1038
1006
1045
978
1032
1014
1085
1076
1147
1004
1103
1027
1074
1017
992
1051
1033
1153
1160
1128
984
1070
995
1045
1012
1019
1014
1015
1017
1015
1016
1015
1016
1025
1015
1038
1019
1000
1040
1016
1050
1073
1072
1111
1095
1057
1086
1117
1133
1266
1182
1276
1003
1106
1080
1048
1051
1048
1023
1018
1020
1019
1019
1023
1031
1020
1017
1017
1045
1001
1044
1030
1024
1031
1025
1011
1013
1017
1029
1020
1052
983
1030
1012
1019
1019
1020
1019
1023
1016
1128
1017
1072
1103
1099
1113
1107
1070
1006
1003
1013
1037
1049
1113
974
1035
1000
1031
1131
1057
1088
1085
1127
1064
1021
1049
1033
1016
1018
1019
1043
1029
1029
983
1057
1015
1021
1022
1021
1036
1078
1142
944
1023
1005
1036
1055
1017
1132
1013
1015
1012
1024
1013
1004
1035
1029
1039
1004
1039
1012
1019
1036
1027
1028
1026
1026
1027
1028
1025
1026
1027
1025
1010
1011
1013
1050
964
1021
1016
1012
1021
1005
1020
1006
1012
1012
1024
996
1023
1012
1012
1021
1006
1023
966
1036
1004
1068
1143
1121
1645
1187
1132
1139
1101
1017
1052
976
1022
1009
1011
1013
1015
1014
1038
1025
1024
1005
1013
1014
1013
1010
1017
1014
1009
1012
1128
1021
1010
1398
966
982
962
1026
1013
1039
977
940
1028
1012
945
1046
1024
1016
1007
1033
1024
1024
1027
1021
1022
1023
1029
1002
1026
1030
1002
1032
1076
1103
1000
1031
1059
1048
1023
1019
1016
1021
1029
980
1021
1018
1037
994
1004
1019
1012
1025
935
1030
1008
1014
1002
998
1018
1013
1014
1003
1030
1002
1012
1008
1010
1018
1006
1012
1010
1011
1034
991
1000
1212
1022
1041
1007
1005
1005
1018
1003
1011
1033
937
1006
1009
1014
1011
961
1022
1011
1012
1010
1036
948
1055
926
1030
999
991
992
955
1014
1015
1009
1013
1012
1013
1024
1001
1009
1011
1012
1007
1016
1148
915
944
1035
1013
1008
1017
1023
1033
990
1014
1023
1000
1012
1012
1012
1012
1010
1174
931
1012
1011
1022
948
1025
1014
1010
1019
1001
1034
995
1033
989
1011
1010
1190
923
997
1005
1023
1056
1154
1039
1140
1093
1072
1089
1095
1087
1087
1009
1038
1004
1036
1103
1052
1044
1011
1025
1022
1023
1024
1025
988
1016
1032
986
1015
1013
1008
1011
1012
1012
1011
1011
1001
1017
1011
1016
1005
1014
1007
1011
1012
1001
1023
1009
1116
969
948
964
986
949
966
1028
1022
1009
1008
1005
1011
1012
1016
1010
1011
1012
1012
1012
1011
1011
1017
1014
1012
1011
1011
1013
977
1027
1012
1019
955
1061
1023
1025
1010
1009
1032
994
1015
1008
1013
1011
1024
998
1017
1010
1020
1007
1039
965
1010
1012
1010
1010
1011
1000
1016
1018
1005
1012
1009
1049
1171
1158
1257
1125
1145
977
1033
1006
1014
1024
1105
1087
1139
1104
1085
1090
1108
1042
997
985
1070
1020
1152
1118
1080
1012
1101
1128
1210
1110
1047
1028
1030
1053
1036
1011
1078
1161
1082
1043
998
1008
1018
1062
982
1069
1002
1032
1047
1321
1291
1211
980
1032
1070
1076
1060
1081
1082
1082
1086
1016
1029
1023
1033
1038
1020
1014
1065
985
1040
1026
1031
1020
1020
1016
1019
1021
1020
1018
1036
1011
1055
1032
1014
1019
1015
1020
1015
1018
1047
995
1013
1017
1019
1012
1023
1024
1069
1192
1097
1098
1067
1088
1090
1066
1069
1125
986
1019
1019
1020
1048
1030
1008
1017
1172
1141
1153
1010
1174
1081
1114
1056
980
1010
1021
1021
1020
1032
1011
1052
1044
1013
1010
1024
1023
1039
1015
1037
1030
1030
1013
1016
1018
1019
989
1048
1016
1018
1014
1021
1019
1015
1016
1016
1019
1022
1039
991
1014
1017
1017
1014
1015
1033
1073
1064
1153
1184
1089
1098
1095
1164
1070
977
1099
1141
1109
1082
1133
1211
1098
1081
1100
1099
1095
1008
1053
1019
1031
1018
1047
1058
1017
1029
1032
1014
1036
1013
1038
1000
1029
1016
1021
1024
1088
1056
1033
1025
1020
1021
1019
1113
1045
1031
1020
1019
1028
1010
1019
1019
1019
1017
1019
1019
1018
1016
1017
1019
1029
975
1029
1018
1018
1017
1051
995
931
1030
1019
1016
1047
949
1005
1018
1017
1028
966
1029
1018
1019
1018
1025
1006
957
1028
1017
1017
1016
1016
1019
981
1042
1025
1011
1016
1017
1013
1015
964
1030
1015
1013
1002
1024
980
1042
1014
1014
1014
1021
999
1021
1010
1021
1004
1014
1014
1034
957
1027
947
1048
932
1028
1363
1313
1012
992
1034
957
1013
1027
1000
1019
1015
1015
1032
996
1015
1015
1014
1015
1014
1014
950
1027
1017
1014
1012
1014
1014
1016
1014
1026
1013
1025
1004
997
1023
1014
995
1024
1010
1001
1028
999
1014
1061
983
1026
1013
1013
1013
1013
1030
997
1043
963
1027
1012
1013
953
1025
1037
990
1012
1016
1010
1032
993
1012
1015
1009
1192
933
1027
1013
1055
1137
1105
1156
1105
1092
946
1044
1017
1018
1018
1017
1018
1014
1058
983
1031
1043
1140
1020
1077
1050
1097
1082
1081
1106
1085
1076
1076
1040
997
1026
1020
1022
1036
1029
1264
1005
1032
1012
1012
1019
1016
1013
1013
1010
1009
1146
1024
1009
1010
1011
1012
1029
1020
985
1011
1030
1000
1000
1018
1007
1004
985
994
1025
1035
983
1015
1020
1019
988
1010
1011
1009
1010
1001
1006
1007
1027
934
984
1013
1011
1013
1092
1162
1113
1115
1099
1071
1100
1102
1146
1126
1135
1112
1175
1103
1019
1004
1018
1020
1017
1021
1014
1087
962
1009
1017
1019
1018
1017
1022
1030
1005
1019
1016
1018
1019
1012
1017
1012
1020
1015
1017
1017
1015
1016
1016
1019
1010
1008
1014
1012
1011
1011
1011
1011
1023
998
1012
1012
1010
1009
1014
1008
1036
932
1025
995
1040
1003
947
1014
1010
1011
1009
1011
1010
1013
1008
1009
943
1045
944
1037
941
1027
1051
919
1025
1013
946
1025
1014
1009
1014
979
1033
1018
954
1007
1008
1010
1032
993
1008
1027
993
1021
1036
988
1024
1246
968
1009
1013
1019
1019
1006
1025
1007
1002
1018
1007
1012
1009
1017
1008
1009
1012
1017
1008
997
1011
1092
980
1009
1011
1010
1008
1008
1295
1013
1017
1011
998
1010
1011
1008
1016
1004
1038
919
1022
1027
999
1013
1000
1017
1009
1003
1008
1008
1008
1008
1008
1016
1229
1146
1074
1120
1137
1108
1148
1089
1092
1101
1153
1072
1066
1096
1028
1000
1021
1033
988
1012
1015
1018
1017
1003
1011
1012
1021
1014
1009
1016
1017
1008
1163
1019
1132
1149
1094
1177
1075
1112
1079
1167
1085
1074
1083
1120
1122
1080
992
1038
1023
1010
1022
1015
1016
1016
1019
1014
1026
1024
1017
1011
1077
901
1031
1016
1046
958
1004
1022
1022
1016
1023
1019
1021
1029
1004
1019
1024
1032
1012
1034
1016
1031
1026
1035
1018
1027
1039
1021
1017
1026
1025
1025
1025
1009
1010
1009
1018
1007
1056
1022
1015
1012
1013
1010
1012
1012
1011
1011
1001
1021
1007
1014
1008
1011
1052
1242
1146
1119
1110
1668
1128
1116
1108
1188
1117
1118
1108
1031
1011
1027
998
1024
1041
1008
1035
1011
1033
1025
1026
1027
1032
1019
1026
1024
1024
1024
1018
1008
1042
1023
1011
1003
1021
1010
1025
1001
1010
1018
1005
1018
1003
1010
1065
906
968
1025
1018
1005
1010
1014
1010
1012
1011
942
1038
999
1010
1307
1026
1003
1184
1211
1123
1098
1095
1115
1279
1230
1575
1007
991
1016
1123
1210
1115
1140
894
1047
985
1038
1078
1136
1120
1156
1125
1084
1173
1106
1097
1092
1036
1151
1045
1086
1154
1069
1122
1016
1025
1025
1032
1014
1030
1030
1021
1023
1011
1021
1017
1032
1015
1019
1019
990
1013
1014
1048
1018
1013
1023
1014
1024
1014
1019
1012
1032
1017
1018
1006
1040
1018
1013
1020
1015
1025
1011
1020
1018
1015
1010
1024
1013
1022
1017
1016
1015
1038
993
1019
1024
1002
1013
1015
1016
1011
1014
1014
1011
1014
1029
991
1030
1021
1016
1001
1013
1012
1025
1002
1013
1011
1012
1013
1015
1012
1030
993
1020
1021
1013
1029
1126
1098
1167
1163
1262
1190
1160
1215
1171
939
1028
1051
1002
1005
1042
1027
1027
1008
1020
1015
1027
992
1010
1021
1003
1012
1193
1224
1408
1356
1448
1018
1028
1002
1014
1016
1024
1004
1031
1020
1016
1036
1007
1049
997
1046
1024
991
1003
1003
1032
1011
1020
994
1005
1040
1001
1015
1013
1159
946
997
1032
974
1089
1030
1013
1016
1014
1011
1017
1008
1015
1015
1021
1006
1118
954
1229
1015
1019
985
1047
1009
1013
1014
1016
1011
1008
1020
1014
1028
1086
968
994
1019
1015
947
1029
1014
1020
950
1020
947
1027
1015
1017
1018
971
1050
1282
1045
1161
969
991
1026
1033
998
1043
1028
1027
1028
1034
1026
1021
1001
1009
1001
1013
1012
1066
976
1001
1013
1062
959
1027
991
1007
1024
1005
1030
1029
983
1020
1002
1001
1009
1033
990
996
1006
1007
1020
1019
1008
1041
987
1026
1018
1045
1002
971
1002
1014
1000
1022
1009
1023
985
1016
1026
1002
992
1023
976
1005
1008
1007
1102
934
1004
1009
1003
1006
1003
1005
1033
998
983
1017
1045
967
1037
979
1006
1017
994
1000
1043
973
1001
997
1005
1006
1007
1023
1020
1007
958
1003
1030
1220
995
986
1037
1195
1207
1093
1102
1016
1021
1014
975
1036
985
1009
1012
1006
991
1012
998
1005
1006
1015
1077
1182
1152
1169
1088
1218
1094
1167
1040
1014
1008
998
1049
1014
1037
1038
993
1025
1024
989
1011
1029
1003
995
1015
995
1006
1018
1016
999
1015
1019
984
1047
974
1000
1004
1006
1027
1027
1000
973
1009
1023
985
1026
994
999
1003
1006
1025
1010
989
1003
1015
995
1013
1014
1042
988
1009
1058
1027
1008
1010
1014
1011
976
1019
1004
1000
1044
979
999
1003
1010
1007
1022
993
1020
980
1005
1014
1008
987
1012
1006
1059
1011
973
1005
1005
1001
1014
1011
1003
1004
1007
1002
997
1011
1000
1008
1005
1002
1004
1016
1003
1023
1011
1018
1008
1028
996
1009
1010
1003
1009
1024
1001
1008
1016
1005
1024
1001
1000
982
1008
1005
1001
1002
1004
1029
1013
976
1002
1003
1023
1018
1003
999
1011
1008
1004
1019
993
1055
1010
1003
1004
973
999
1042
1029
969
1020
1022
951
1030
1002
1003
1010
968
1000
999
998
1010
1033
966
1000
1026
1020
1039
972
975
997
998
1000
1017
1031
965
1001
996
1000
1015
989
993
997
1011
997
1024
1006
1019
992
1006
1003
1003
1076
988
984
998
998
1007
1023
971
1004
1008
995
1022
971
1024
1013
989
1003
1010
1000
1001
1003
1012
1006
1006
1010
999
1005
1003
1003
1003
1008
994
1011
995
1133
822
1017
1007
1006
1003
1004
1017
990
1000
1006
1003
1002
1005
1002
1007
1007
999
1002
1008
1007
993
1028
993
1005
1004
1003
980
996
988
1007
1014
1034
955
1015
997
1003
1020
960
1014
1017
995
1027
1021
979
1001
1004
1003
1001
1002
1003
1016
1028
995
1008
996
1006
1003
1003
1004
1002
1008
1002
1005
999
985
1034
964
1028
1006
1024
952
1020
1004
1004
1022
991
995
1012
994
1003
1004
1004
1003
1003
1003
1073
939
1015
1001
1004
1013
997
1030
1188
1010
1006
1000
1008
1002
1001
1008
1001
1021
964
1018
1009
1003
1003
1006
985
1017
1007
1001
1008
1002
1008
949
964
1038
1000
953
959
987
995
1014
1010
1026
984
1008
1008
1007
1028
987
1007
1007
1007
1049
987
1011
1030
993
986
1055
1020
1016
972
1005
1007
1005
1030
1037
1001
1018
975
1046
1018
1032
1026
961
995
986
1009
1040
1016
1159
1166
1204
1147
1181
1015
1004
1003
1008
1001
1008
1005
1024
976
1001
1003
1044
1022
1010
1008
998
1003
978
1036
1007
1005
984
1004
1021
1005
1007
1020
1010
1004
1011
1000
1009
1016
998
1091
967
1009
1005
1009
1004
1007
1017
1011
1224
1025
1010
1011
989
1017
997
1003
1008
999
1011
1032
974
1006
1006
1007
1022
1035
931
1017
996
979
979
1040
982
1006
1017
1013
1002
996
1006
1004
1010
1023
984
1048
1010
997
1009
1001
987
1005
1025
1001
976
1028
1018
993
1027
1019
1012
984
1003
994
1004
1004
1010
1013
992
1004
1031
1122
1002
980
1001
1011
1009
981
998
1000
1003
1036
969
1006
1008
997
1015
1078
1021
994
998
1005
1003
1004
1005
959
1020
1003
1002
1005
1003
1011
1004
1030
1015
1023
987
1008
1005
973
1020
986
997
1029
1003
1005
1010
1105
1005
1009
1000
1114
983
1014
996
1005
1007
1002
1004
996
1007
999
1018
1014
995
999
1013
1002
1167
998
1006
997
1017
988
1006
1002
996
1005
1000
1003
1002
1001
1004
997
1002
1093
1012
951
1014
995
981
1004
1001
1009
994
932
1031
1001
962
1017
1004
1052
1263
1111
1107
1118
1132
1134
1137
1079
1001
1005
1031
1017
1017
996
1185
1205
1087
930
1151
972
1022
1003
1010
1007
1033
1002
1015
943
1010
1018
999
995
1036
999
981
1009
1009
1006
1019
1003
984
1010
1013
994
1016
1018
1011
986
1030
1014
997
1027
1022
993
981
1020
1002
1019
1002
997
1043
987
1016
1010
1010
1009
993
1017
982
1003
1007
1000
1032
1005
1007
998
1024
1081
991
1052
988
1006
1003
1041
1031
1002
1012
1009
1008
998
1011
1003
1008
1005
1004
1005
1018
992
999
1011
1021
1251
990
1056
1227
1040
1082
1134
1675
1262
1022
1126
976
998
1004
1021
993
1000
1007
1003
1035
1100
976
1003
1007
1009
1036
1001
1009
999
1007
1016
1006
1031
1066
1037
970
1005
1018
1045
943
1027
1008
978
1024
994
1018
1006
982
1018
981
998
1014
1005
1150
962
1030
987
1023
1038
945
995
1004
1001
1008
1036
963
997
1000
1007
985
1043
968
1005
1017
993
996
1027
995
998
999
1020
1006
1015
1000
1092
1012
1137
991
1038
991
997
1003
1012
1005
1010
1014
971
1087
908
993
1005
1006
1000
987
1001
998
1026
1021
977
996
1007
1012
1006
1008
1010
1022
1014
1015
974
1003
1003
1003
1003
1003
1002
1007
1008
1003
996
1005
994
1001
1003
1000
999
1003
1000
1002
1003
1000
1025
991
1007
1055
952
976
999
1030
1007
971
1000
998
1002
1014
1024
984
997
1010
993
1021
984
993
1002
1001
1009
1001
984
997
1000
1004
1016
982
1032
965
1032
995
1005
1002
970
1002
999
1000
1000
1062
969
982
1011
1007
984
1055
974
996
985
999
1005
1013
982
995
1027
1001
1002
1017
974
996
1001
994
998
997
1007
1037
977
1000
1016
1003
977
1000
1001
1003
1021
995
981
1000
999
1034
968
992
997
1001
1008
1024
967
1018
981
1003
1012
981
1001
997
999
1012
995
997
988
1015
991
1035
998
981
995
998
999
1022
1033
973
1051
992
981
1030
1004
1007
1002
1007
978
1003
1002
1007
985
1016
979
960
1020
987
992
997
1000
1035
997
1008
1000
983
997
1001
1007
984
997
998
999
1011
1031
961
1002
1000
1001
1002
1003
1041
991
1003
995
989
1004
1054
1212
1206
1114
1177
1128
1172
1127
1005
989
1010
1014
997
1006
1031
990
1580
1725
1245
1005
1007
1007
1006
1008
1005
1007
1006
1006
1008
1006
1006
1006
1026
1023
983
1000
938
1006
1021
1050
977
1025
983
1009
1022
987
1000
1001
1002
1023
988
1028
1002
1004
1002
1032
973
998
1003
1004
1015
1009
1026
978
1035
994
992
999
996
998
1000
1006
998
1007
1000
1006
1015
988
1012
1005
1026
1049
987
991
1004
1003
1002
1025
978
1005
1000
1001
1011
1006
991
1000
1006
996
1007
1006
994
1016
989
995
1001
1008
1007
1040
975
1001
1012
995
1015
1025
988
975
1000
1010
1010
1029
989
997
1033
964
1031
1004
992
1006
986
1003
1000
1002
1023
974
1015
986
1003
997
1010
1015
984
1007
996
1003
1017
1002
1240
1092
1135
983
1006
1006
1011
1004
1008
1003
1004
1007
1003
1008
1005
1006
1005
990
1007
1011
998
1014
996
1006
1066
1001
1013
1010
1004
1005
1005
1005
1007
1007
1001
997
1010
1014
1005
977
1041
988
1019
993
1004
1005
1002
1010
1005
1003
1004
976
999
1000
1006
1012
1034
995
1011
995
1004
1006
1001
976
999
999
1007
1004
1014
987
999
992
1001
1018
985
998
998
1010
1005
1033
979
1001
1008
1024
1137
1099
1209
1003
988
1004
999
1032
1018
969
1002
1005
1029
999
992
995
1021
1006
994
1050
932
1033
990
1160
1123
1166
1002
1011
1026
986
1015
987
1003
1005
1002
1016
1009
1007
993
1001
1003
1005
1038
1011
1022
1012
1012
1006
969
1039
1023
993
1006
1032
995
1001
1008
1006
988
1001
1031
1109
1005
1004
1008
1007
988
1033
979
1013
1033
998
1084
1009
1205
1107
1136
1159
1205
1167
1200
1123
1026
997
1038
998
1004
1014
1010
1069
1155
994
1157
1128
1177
937
1044
993
1027
1025
999
1008
1047
1032
1035
985
1042
978
1031
1032
976
1014
1025
1013
1013
1016
1015
1013
1014
1008
1012
1010
1011
1014
1024
985
1043
984
1021
1012
1000
1021
986
1034
1012
1011
1010
1011
1010
1012
1011
1012
1032
985
962
1019
1012
1012
1014
938
989
978
978
1016
949
993
1027
1028
1048
997
1007
1014
981
1050
985
1066
965
989
1010
1013
1016
1036
1006
1012
1012
997
1050
931
1024
1017
1010
1011
1022
1007
1012
1011
1053
976
1015
1012
1012
1014
1025
993
1031
1002
1019
1018
1003
1020
1002
1027
979
1005
1012
1010
1037
1009
1019
996
1022
1000
1013
1012
989
992
1004
1025
1006
1045
974
1009
1019
1031
977
1054
993
995
1005
1002
1004
1014
1013
988
1015
1003
1012
1004
991
1031
999
1011
985
1030
991
