2572
3330
2954
2956
3033
2983
2951
3193
2947
2963
2967
2948
3119
3113
3134
3075
3637
3101
3035
3040
3067
3869
3698
3905
3179
3600
4005
3487
3424
3698
3383
4402
3624
3542
3720
3575
3648
3538
3448
3495
3263
3223
3301
3155
3286
3557
3578
3533
3300
3489
3612
3378
3539
3238
3309
3240
3209
3277
3466
3215
3219
3305
3124
3328
3382
3226
3276
3215
3285
3496
3551
3587
3390
3222
3180
3284
3163
3177
3176
3259
3199
3121
3179
3321
3268
3516
3271
3479
3506
3331
3269
3634
3354
3267
3219
3154
3333
3450
3346
3809
3975
3422
3335
3314
3331
3321
3450
3495
3280
3177
3124
3128
3391
3576
3415
3445
3139
3136
3262
3101
3247
3200
22497
3545
3659
3524
3277
3190
3215
3242
3201
3150
3165
3167
3169
3109
3133
3064
3044
3115
3167
3092
3187
3108
3115
3190
3140
3424
3088
3110
3188
3168
4871
3829
3277
3181
3141
3206
3228
3183
3148
3168
3250
3209
3239
3162
3215
3413
3628
3998
3523
3302
3419
3527
3259
3379
3293
3486
3244
3296
3545
3347
3352
3231
3389
3343
3408
3374
3408
3251
3396
3201
3350
3238
3155
3192
3218
3154
3161
3130
3155
3213
3302
3186
3259
3163
3162
3215
3211
3158
3159
3181
3171
3257
3273
3225
3195
3196
3159
3305
3353
3298
3247
3294
3193
3218
3249
3196
3215
3284
3306
3307
3541
3217
3170
3204
3377
3331
3513
3112
3237
3124
3281
3215
3460
3192
3095
3056
3063
3192
3567
3211
3069
3105
3256
3257
3186
3100
3092
3157
3321
3207
3177
3076
3068
3213
3137
3122
3179
3155
3343
3155
3118
3109
3329
3371
3211
3209
3142
3147
3293
3255
3290
3178
3054
3112
3209
3126
3128
3057
3097
3293
3216
3062
3144
3062
3379
3284
3316
3138
3131
3188
3289
3237
3182
3283
3370
3397
3309
3205
3147
3141
3276
3314
3084
3156
3152
3322
3322
3130
3070
3101
3284
3287
3167
3062
3166
3233
3323
3225
3191
3187
3151
3336
3275
3087
3511
3347
3548
3309
3134
3098
3117
3277
3321
3232
3168
3110
3318
3237
3179
3169
3088
3288
3277
3129
3221
3301
3472
3547
3518
3524
3744
3437
3504
3492
3566
3705
3456
3465
3370
3535
3723
3475
3473
3502
3586
3690
3440
3478
3476
3540
3784
3447
3450
3415
3444
3643
3384
3431
3493
3497
3570
3553
3563
3641
3648
3631
3601
3534
3505
3435
3456
3486
3377
3384
3593
3497
3462
3388
3406
3442
3470
3385
3481
3446
3507
3533
3459
3457
3498
3535
3584
3522
3531
3521
3574
3811
3491
3203
3160
3200
3228
3171
3347
3258
3158
3143
3182
3109
3162
3078
3106
3318
3400
3219
3109
3089
3138
3233
3342
3322
3280
3207
3144
3282
3590
3183
3280
3143
3191
3319
3285
3111
3122
3191
3270
3241
3177
3102
3179
3154
3227
3175
3142
3167
3192
3157
3253
3283
3199
3222
3252
3147
3075
3187
3219
3266
3218
3112
3204
3326
3371
3172
3091
3136
3165
3185
3264
3132
3150
3216
3179
3491
3221
3133
3116
3176
3271
3255
3252
3102
3173
3326
3171
3250
3241
3180
3152
3153
3306
3340
3299
3154
3160
3162
3155
3230
3319
3179
3301
3211
3172
3217
3201
3121
3154
3122
3135
3486
3268
3135
3127
3134
3072
3229
3138
3141
3206
3402
3252
3206
3184
3188
3328
3171
3175
3237
3470
3315
3160
3158
3142
3196
3231
3148
3212
3168
3250
3219
3188
3134
3170
3145
3177
3165
3175
3272
3309
3229
3127
3135
3259
3146
3157
3110
3238
3266
3219
3148
3156
3167
3142
3176
3172
3130
3224
3235
3170
3157
3137
3136
3129
3229
3175
3126
3279
3232
3126
3099
3161
3194
3174
3311
3132
3223
3145
3170
3124
3117
3081
3096
3103
3111
3204
3196
3314
3159
3154
3221
3174
3147
3173
3093
3126
3318
3168
3155
3120
3096
3089
3160
3112
3100
3151
3293
3212
3147
3147
3085
3100
3139
3093
3198
3310
3198
3156
3125
3159
3188
3157
3069
3074
3102
3173
3293
3162
3087
3196
3110
3131
3088
3108
3197
3328
3169
3099
3153
3074
3143
3235
3146
3072
3218
3211
3085
3116
3084
3075
3105
3177
3137
3119
3220
3209
3190
3140
3097
3080
3127
3081
3103
3168
3240
3098
3226
3170
3143
3220
3124
3081
3121
3204
3214
3173
3116
3160
3098
3082
3096
3110
3070
3163
3237
3136
3169
3155
3073
3177
3111
3203
3279
3193
3174
3094
3118
3108
3161
3205
3141
3080
3140
3213
3251
3161
3078
3103
3136
3111
3125
3102
3197
3239
3122
3065
3075
3096
3095
3245
3127
3154
3207
3165
3127
3166
3104
3105
3162
3117
3098
3132
3143
3112
3108
3068
3111
3097
3092
3085
3158
3159
3142
3137
3240
3115
3161
3154
3132
3114
3166
3124
3170
3146
3117
3110
3133
3213
3139
3141
3159
3211
3145
3119
3138
3190
3141
3164
3110
3095
3301
3275
3142
3148
3087
3077
3134
3093
3153
3149
3344
3157
3088
3200
3087
3137
3086
3082
3098
3240
3221
3123
3130
3106
3219
3172
3139
3154
3133
3221
3249
3164
3128
3162
3111
3095
3167
3142
3184
3257
3168
3116
3195
3174
3141
3173
3147
3141
3225
3366
3168
3148
3086
3080
3133
3138
3123
3118
3238
3159
3136
3167
3063
3071
3083
3090
3126
3241
3195
3151
3112
3092
3193
3093
3092
3086
3109
3177
3403
3242
3226
3224
3181
3171
3235
3214
3279
3439
3212
3101
3311
3190
3120
3097
3154
3111
3469
3277
3094
3102
3128
3067
3162
3142
3099
3205
3244
3240
3153
3177
3116
3114
3056
3094
3141
3208
3256
3177
3297
3137
3128
3336
3147
3130
3112
3227
3342
3217
3133
3124
3152
3097
3110
3169
3116
3265
3168
3131
3115
3151
3172
3077
3133
3084
3271
3377
3153
3111
3078
3089
3180
3144
3092
3117
3140
3248
3224
3168
3115
3158
3076
3087
3186
3197
3310
3293
3214
3138
3159
3175
3079
3142
3100
3120
3432
3289
3278
3377
3233
3137
3191
3256
3471
3507
3274
3236
3195
3439
3618
3357
3267
3203
3505
3329
3178
3184
3211
3279
3132
3089
3080
3224
3241
3173
3097
3067
3090
3198
3146
3118
3124
3235
3226
3092
3163
3175
3137
3083
3091
3138
3232
3275
3283
3232
3182
3192
3163
3356
3354
3151
3126
3012
3160
3240
3159
3203
3061
3054
3106
3285
3227
3238
3198
3196
3242
3310
3144
3082
3056
3180
3257
3204
3030
3025
3132
3290
3253
3221
3074
3106
3203
3140
3301
3190
3135
3069
3150
3118
3194
3310
3224
3457
3287
3119
3121
3096
3269
3142
3150
3061
3090
3267
3187
3085
3165
3139
3347
3225
3087
3115
3053
3163
3177
3159
3116
3084
3163
3361
3531
3313
3122
3221
3125
3088
3085
3085
2998
3255
3083
3050
3229
3155
3328
3180
3077
3075
3168
3190
3077
3112
3086
3111
3148
3172
3266
3246
3297
3278
3227
3285
3108
3045
3035
3022
3347
3179
3107
3027
3102
3269
3175
3166
3098
3083
3192
3151
3170
3131
3067
3173
3102
3055
3221
3191
3163
3280
3269
3172
3121
3144
3287
3063
3087
3036
3054
3293
3206
3094
3067
3044
3095
3285
3096
3090
3137
3072
3217
3123
3121
3117
3144
3192
3173
3193
3224
3262
3109
3098
3133
3034
3046
3132
3065
3038
3294
3115
3071
3150
3137
3028
3073
3030
3033
3223
3227
3213
3179
3120
3154
3135
3126
3157
3172
3296
3179
3086
3138
3072
3070
3257
3092
3005
3145
3161
3267
3120
3152
3023
3018
3122
3072
3038
3029
3122
3167
3054
3161
3247
3190
3112
3135
3077
3207
3231
3108
3151
3099
3067
3132
3094
3203
3096
3076
3066
3043
3095
3146
3094
3038
3027
3055
3093
3101
3168
3108
3229
3246
3137
3108
3177
3183
3186
3083
3096
3054
3032
2993
3083
3260
3110
3068
3092
3081
3158
3093
3118
3087
3073
3094
3066
3094
3139
3111
3320
3164
3128
3314
3233
3231
3160
3115
3127
3093
3135
3128
3082
3112
3046
3087
3130
3188
3083
3063
3039
3130
3172
3077
3079
3074
3072
3175
3300
3276
3248
3212
3132
3080
3149
3100
3045
3032
3117
3135
3141
3060
3065
3123
3093
3054
3167
3046
3149
3165
3057
3069
3010
3019
3174
3018
3183
3285
3364
3228
3190
3113
3068
3113
3165
3098
3037
3115
3067
3163
3242
3129
3071
3085
3050
3241
3129
3066
3063
3090
3203
3195
3080
3166
3203
3195
3167
3378
3207
3070
3061
3083
3058
3083
3156
3074
3094
3091
3107
3124
3137
3121
3126
3053
3109
3094
3162
3133
3058
3085
3161
3095
3131
3106
3104
3057
3136
3308
3165
3085
3057
3038
3079
3191
3095
3058
3117
3055
3142
3111
3103
3051
3101
3044
3085
3103
3128
3160
3124
3159
3111
3237
3114
3115
3132
3176
3188
3169
3067
3078
3170
3064
3073
3088
3120
3105
3093
3090
3087
3056
3090
3147
3054
3129
3025
3114
3246
3056
3071
3207
3149
3203
3230
3138
3047
3245
3147
3220
3095
3047
3075
3100
3142
3087
3183
3073
3017
3157
3215
3181
3182
3060
3131
3020
3082
3112
3134
3336
3180
3160
3197
3133
3280
3207
3231
3125
3112
3337
3278
3317
3169
3157
3356
3651
3378
3246
3163
3199
3432
3342
3247
3180
3237
3572
3348
3235
3190
3144
3470
3449
3179
3436
3450
3407
3460
3240
3250
3382
3255
3548
3377
3549
3291
3174
3137
3261
3345
3360
3306
3188
3177
3552
3271
3221
3145
3164
3384
3217
3168
3270
3370
3447
3425
3175
3124
3196
3475
3445
3397
3242
3164
3184
3392
3240
3381
3239
3153
3421
3376
3401
3287
3262
3093
3138
3069
3038
2967
3146
3127
3184
3102
3070
3080
3122
3062
2991
3013
3009
3210
3099
3440
3240
3197
3112
3054
3185
3128
3122
3068
3025
3057
3406
3205
3124
3084
3080
3121
3118
3078
3072
3022
3152
3099
3049
3111
3049
3045
3103
3399
3234
3219
3177
3074
3083
3112
3081
3146
3188
3067
3032
3232
3103
3134
3109
3090
3085
3111
3133
3167
3057
3019
2989
3023
3100
3299
3231
3266
3329
3232
3500
3298
3117
3121
3190
3526
3662
3329
3255
3329
3308
3463
3292
3176
3226
3314
3803
3366
3207
3232
3139
3411
3283
3258
3150
3418
3516
3319
3218
3311
3282
3480
3208
3338
3403
3328
3452
3204
3272
3193
3220
3601
3441
3386
3291
3444
3204
3146
3107
3130
3247
3085
3114
3138
3199
3298
3269
3083
3092
3073
3129
3121
3184
3159
3071
3016
3124
3463
3384
3219
3225
3244
3222
3186
3138
3082
3180
3065
3078
3136
3035
3372
3179
3112
3094
3132
3146
3098
3168
3075
3133
3135
3362
3147
3070
3268
3218
3277
3384
3310
3183
3112
3165
3246
3142
3071
3133
3071
3169
3293
3103
3115
3055
3270
3088
3064
3198
3080
3054
3220
3146
3169
3110
3218
3335
3164
3191
3139
3157
3156
3099
3098
3186
3193
3273
3136
3208
3063
3012
3271
3250
3093
3078
3063
3088
3116
3057
3078
3122
3140
3126
3216
3199
3107
3183
3108
3096
3200
3324
3140
3108
3216
3146
3111
3231
3079
3158
3068
3038
3132
3137
3213
3135
3072
3082
3134
3192
3095
3197
3108
3149
3149
3243
3163
3113
3203
3116
3177
3306
3138
3103
3068
3110
3215
3200
3098
3104
3253
3152
3142
3101
3042
3075
3046
3035
3068
3106
3341
3284
3142
3155
3269
3134
3128
3082
3059
3060
3167
3099
3227
3098
3049
3059
3140
3163
3085
3116
3064
3049
3101
3221
3084
3051
3085
3085
3355
3373
3246
3229
3154
3154
3218
3140
3121
3100
3114
3171
3128
3258
3136
3042
3316
3086
3112
3119
3098
3237
3080
3092
3119
3153
3238
3136
3171
3305
3197
3292
3231
3148
3081
3024
3146
3362
3100
3085
3054
3154
3244
3224
3093
3072
3088
3206
3118
3189
3172
3102
3079
3070
3212
3308
3233
3145
3196
3318
3293
3180
3092
3177
3095
3115
3164
3120
3134
3252
3096
3004
3183
3139
3256
3144
3074
3113
3172
3327
3183
3051
3117
3161
3299
3168
3180
3298
3178
3239
3270
3162
3041
3028
3093
3122
3126
3215
3107
3045
3254
3091
3126
3174
3076
3105
3095
3136
3203
3108
3110
3327
3171
3114
3165
3233
3241
3180
3100
3032
3053
3208
3091
3059
3016
3040
3124
3192
3132
3046
3015
3131
3265
3149
3086
3037
3167
3132
3199
3188
3122
3118
3095
3102
3152
3164
3176
3130
3132
3090
3131
3172
3026
3220
3241
3116
3106
3131
3031
3325
3152
3081
3127
3157
3051
3095
3071
3100
3199
3257
3249
3121
3180
3081
3182
3322
3146
3048
3116
3119
3269
3113
3080
3073
3053
3185
3254
3158
3059
3063
3084
3123
3098
3047
3125
3103
3313
3162
3182
3149
3164
3168
3091
3061
3174
3145
3193
3217
3047
3052
3100
3180
3164
3103
3143
3085
3126
3320
3222
3046
3056
3075
3261
3604
3182
3163
3155
3205
3252
3158
3085
3053
3033
3287
3162
3118
3064
3076
3283
3099
3153
3154
3070
3163
3168
3046
3175
3146
3078
3087
3059
3182
3203
3327
3188
3126
3102
3069
3091
3171
3082
3050
3085
3054
3079
3296
3159
3218
3104
3074
3278
3153
3072
3024
3023
3141
3168
3144
3105
3128
3148
3115
3449
3220
3116
3163
3101
3102
3123
3081
3054
3113
3140
3136
3197
3397
3171
3123
3113
3119
3145
3309
3107
3098
3066
3007
3114
3325
3117
3087
3182
3214
3227
3160
3077
3098
3059
3091
3184
3130
3212
3190
3192
3200
3147
3388
3016
3047
3040
3034
3219
3324
3083
3030
3020
3097
3148
3406
3154
3165
3215
3147
3144
3364
3220
3205
3134
3091
3083
3440
3083
3042
3228
3089
3200
3470
3039
3068
3032
3073
3215
3142
3021
3126
3069
3141
3170
3149
3085
3139
3156
3159
3145
3157
3030
3026
3110
3096
3342
3160
3060
3145
3086
3070
3136
3068
3053
3069
3228
3135
3144
3149
3140
3119
3084
3134
3248
3194
3143
3074
3039
3087
3124
3328
3104
3101
3066
3142
3296
3127
3171
3073
3055
3195
3201
3110
3048
3145
3075
3143
3178
3222
3153
3201
3178
3246
3218
3172
3066
3229
3139
3054
3077
3174
3156
3094
3070
3059
3135
3127
3101
3087
3082
3036
3174
3172
3125
3224
3247
3154
3616
3597
3465
3383
3590
3560
3321
3264
3227
3165
3360
3425
3242
3258
3497
3140
3075
3113
3098
2981
3101
3274
3113
3433
3446
3283
3391
3353
3183
3139
3523
3238
3103
3324
3059
3194
3140
3273
3303
3142
3093
3189
3439
3090
3413
3174
3142
3266
3143
3174
3077
3184
3746
3337
3183
3186
3064
3169
3139
3085
3196
3094
3246
3066
3033
3150
3067
3147
3041
3028
3106
3083
3093
3114
3065
3038
3220
3136
3063
3144
3199
3407
3367
3142
3046
3147
3225
3095
3139
3100
3076
3049
2982
3071
3219
3059
3051
3015
3010
3023
3126
3219
3195
3040
3037
3050
3086
3158
3149
3165
3284
3304
3166
3143
3081
3162
3050
3017
3067
3088
3106
3157
3087
2974
3009
3101
3135
3044
2995
3106
3163
3145
3088
3066
3537
4998
3634
3259
3183
3288
3193
3246
3062
3044
3061
3016
3039
3094
3163
3189
3084
3080
3116
3113
3145
3064
3071
3033
3176
3107
3059
3006
3264
3305
3251
3446
3323
3136
3140
3102
3086
3046
3020
3210
3066
3023
3106
3156
3199
3159
3100
3012
3057
3118
3025
3018
2975
3114
3246
3176
3034
3233
3195
3244
3224
3144
3040
3186
3112
3058
3222
3111
3064
3058
3086
3113
3180
3235
3101
3100
3081
3088
3117
3130
3083
3032
3250
3085
3094
3210
3259
3461
3303
3134
3104
3110
3202
3070
3035
3026
3123
3641
3079
3028
3126
3062
3160
3305
3105
3047
3032
3080
3110
3069
3097
3411
3180
3394
3329
3222
3199
3170
3138
3091
3157
3119
3068
3018
3170
3120
3133
3120
3068
3134
3075
3092
3088
3103
3148
3283
3085
3082
3157
3113
3093
3212
3393
3445
3269
3301
3183
3093
3075
3062
3267
3121
3042
3073
3126
3059
3077
3118
3073
3124
3065
3160
3073
3066
3026
2968
3030
3060
3117
3201
3276
3274
3183
3114
3125
3133
3105
3259
3117
3044
3169
3173
3243
3115
3018
3073
3094
3116
3067
3102
3142
3049
3102
3186
3053
3032
3012
3073
3224
3143
3287
3195
3102
3151
3140
3072
3065
3043
3098
3196
3159
3123
3116
3080
3193
3118
3104
3040
3090
3124
3174
3052
3115
3165
3063
3216
3160
3169
3209
3297
3303
3148
3080
3028
3088
3220
3114
3068
3114
3097
3149
3226
3073
3071
3124
3072
3129
3091
3099
3102
3073
3040
3084
3171
3184
3173
3195
3189
3276
3183
3067
3077
3177
3099
3078
3156
3059
3143
3066
3073
3046
3211
3099
3276
3109
3117
3080
3144
3121
3086
3032
3047
3177
3163
3081
3160
3100
3250
3117
3205
3078
3056
3013
3023
3098
3127
3134
3102
3091
3086
3182
3119
3000
3025
3020
3024
3076
3282
3181
3024
3256
3146
3213
3174
3121
3065
3099
3130
3302
3209
3134
3388
3219
3034
3179
3123
3185
3110
3056
3017
3112
3079
3210
3080
3029
3054
3121
3319
3231
3195
3167
3197
3292
3197
3066
3016
3156
3187
3171
3172
3080
3066
3049
3213
3138
3113
3099
3038
3243
3080
3121
3117
3051
3196
3159
3163
3393
3262
3196
3148
3123
3086
3240
3194
3140
3161
3094
3094
3080
3162
3227
3174
3093
3084
3382
3230
3091
3016
3048
3101
3160
3146
3057
3040
3307
3371
3261
3255
3167
3120
3121
3135
3162
3127
3072
3145
3123
3073
3082
3106
3083
3229
3112
3143
3151
3151
3182
3135
3087
3061
3090
3112
3187
3265
3391
3187
3257
3108
3123
3118
3039
3018
3156
3175
3105
3094
3013
3034
3223
3072
3029
3010
3086
3170
3177
3113
3081
3087
3083
3119
3179
3169
3241
3213
3183
3165
3148
3114
3071
3168
3069
3022
3153
3120
3186
3219
3110
3070
3096
3224
3199
3076
3109
3059
3266
3202
3124
3110
3097
3107
3221
3229
3277
3167
3072
3179
3185
3124
3120
3090
3090
3094
3262
3166
3074
3121
3194
3156
3146
3127
3069
3160
3110
3092
3198
3172
3178
3109
3169
3226
3303
3296
3186
3087
3115
3051
3107
3213
3083
3021
3161
3082
3227
3180
3073
3108
3103
3087
3178
3100
3294
3145
3041
3196
3167
3178
3079
3152
3154
3155
3244
3222
3165
3082
3220
3278
3143
3162
3118
3165
3105
3079
3046
3123
3175
3107
3047
3037
3142
3212
3082
3078
3113
3078
3177
3157
3132
3138
3232
3145
3185
3134
3041
3034
3029
3063
3149
3277
3130
3120
3105
3115
3136
3137
3021
3019
3155
3087
3161
3177
3086
3132
3154
3166
3207
3116
3136
3137
3107
3063
3047
3126
3099
3110
3069
3112
3174
3433
3171
3101
3080
3133
3114
3395
3091
3042
3038
3133
3270
3450
3165
3110
3154
3163
3190
3462
3094
3236
3086
3267
3131
3293
3101
3096
3177
3128
3211
3435
3041
3231
3167
3014
3088
3318
3014
3040
3197
3299
3208
3446
3106
3100
3200
3117
3091
3360
3168
3113
3199
3126
3216
3406
3061
3015
3087
3144
3146
3317
3106
3095
3071
3226
3118
3161
3122
3179
3230
3146
3168
3136
3038
3152
3111
3067
3160
3128
3151
3227
3096
3082
3120
3140
3163
3074
3112
3083
3126
3211
3079
3096
3040
3109
3207
3217
3160
3257
3171
3090
3203
3176
3038
3026
3080
3137
3234
3197
3100
3048
3134
3175
3159
3107
3220
3155
3108
3104
3162
3337
3125
3286
3177
3210
3171
3554
3296
3190
3063
3097
3121
3402
3098
3094
3024
3179
3197
3569
3103
3074
3113
3068
3209
3356
3147
3209
3099
3061
3081
3361
3170
3117
3083
3119
3303
3525
3144
3096
3134
3096
3185
3325
3122
3125
3251
3120
3172
3370
3260
3107
3191
3109
3130
3357
3159
3097
3130
3164
3176
3447
3156
3151
3162
3434
3142
3380
3135
3131
3136
3197
3190
3420
3202
3088
3183
3125
3105
3255
3041
3103
3152
3116
3297
3330
3167
3149
3134
3130
3193
3511
3159
3255
3133
3155
3167
3657
3120
3095
3141
3153
3195
3469
3121
3092
3066
3218
3228
3291
3088
3078
3138
3268
3325
3544
3221
3326
3261
3186
3431
3486
3401
3281
3285
3283
3497
3369
3352
3231
3374
3584
3332
3517
3392
3398
3577
3311
3307
3282
3613
3735
3549
3528
3463
3587
3806
3412
3397
3497
3437
3560
3477
3386
3928
3720
3840
3404
3272
3341
3368
3679
3392
3321
3303
3641
4143
3607
3378
3322
3399
3685
3325
3257
3302
3405
3573
3353
3254
3256
3573
3430
3259
3299
3303
3446
3375
3324
3304
3290
3407
3423
3592
3724
3520
3403
3450
4504
5215
3474
3479
3422
3355
3287
3490
3345
3199
3235
3241
3468
3433
3351
3310
3241
3269
3314
3582
3567
3515
3563
3467
3313
3351
3303
3391
3256
3302
3310
3433
3366
3287
3296
3269
3436
3366
3290
3151
3307
3436
3519
3342
3570
3450
3652
3585
3465
3347
3296
3377
3509
3263
3189
3286
3245
3355
3448
3469
3297
3257
3312
3355
3202
3227
3195
3336
3409
3312
3225
3504
3411
3353
3432
3366
3403
3378
3328
3398
3273
3354
3305
3263
3184
3421
3372
3342
3253
3281
3300
3286
3249
3319
3271
3316
3328
3386
3420
3475
3402
3500
3384
3435
3268
3310
3388
3311
3226
3327
3257
3386
3298
3289
3225
3195
3252
3320
3326
3261
3150
3292
3389
3422
3423
3399
3427
3409
3308
3360
3301
3382
3314
3226
3215
3388
3200
3381
3302
3301
3269
3379
3266
3288
3177
3302
3260
3313
3138
3259
3465
3591
3742
3518
3347
3294
3363
3347
3245
3296
3270
3370
3452
3363
3246
3300
3365
3323
3361
3307
3285
3355
3207
3253
3377
3238
3467
3844
3590
3509
3449
3501
3331
3436
3369
3318
3439
3278
3167
3314
3342
3388
3266
3302
3242
3394
3335
3260
3221
3283
3281
3376
3261
3467
3452
3573
3470
3403
3241
3281
3261
3446
3364
3339
3179
3258
3332
3306
3225
3391
3265
3427
3304
3441
3276
3294
3389
3287
3235
3420
3456
3398
3466
3450
3313
3386
3295
3298
3197
3282
3327
3449
3277
3318
3231
3283
3471
3338
3177
3281
3310
3368
3251
3337
3172
3338
3499
3452
3483
3519
3375
3325
3285
3311
3208
3304
3199
3255
3386
3524
3315
3360
3225
3328
3326
3312
3264
3359
3286
3313
3288
3210
3322
3377
3363
3402
3418
3492
3292
3331
3286
3472
3296
3214
3154
3311
3455
3364
3242
3280
3173
3371
3288
3326
3202
3282
3339
3303
3310
3467
3362
3380
3293
3324
3492
3320
3281
3293
3310
3358
3268
3309
3420
3335
3354
3228
3420
3276
3138
3282
3318
3267
3166
3369
3355
3467
3349
3435
3352
3242
3256
3480
3291
3242
3262
3340
3386
3461
3302
3367
3258
3448
3749
3210
3195
3280
3381
3530
3238
3307
3274
3611
3803
3432
3383
3392
3341
3650
3309
3265
3305
3406
3635
3302
3239
3282
3353
3580
3340
3302
3298
3352
3465
3243
3261
3273
3261
3538
3891
3466
3427
3377
3331
3648
3279
3299
3330
3360
3500
3260
3334
3320
3319
3541
3281
3434
3310
3301
3530
3305
3444
3321
3351
3690
3500
3528
3440
3442
3636
3281
3419
3279
3208
3537
3311
3357
3325
3259
3570
3296
3464
3296
3329
3561
3308
3355
3256
3260
3539
3409
3257
3413
3541
3742
3281
3336
3301
3257
3470
3361
3306
3308
3329
3616
3417
3305
3235
3288
3444
3318
3314
3298
3203
3301
3541
3483
3363
3381
3429
3781
3347
3259
3232
3292
3577
3290
3308
3592
3318
3717
3260
3212
3185
3258
3256
3499
3583
3521
3194
3271
3514
3379
3295
3322
3357
4041
3464
3306
3319
3348
3511
3221
3220
3337
3641
3585
3279
3272
3282
3338
3510
3256
3269
3561
3392
3461
3225
3398
3379
3364
3654
3363
3578
3505
3298
3530
3311
3339
3288
3452
3712
3585
3229
3397
3334
3477
3243
3287
3280
3262
3646
3540
3545
3497
3379
3398
3603
3315
3344
3590
3305
3524
3331
3274
3254
3325
3586
3450
3385
3232
3247
3536
3331
3389
3220
3281
3720
3373
3423
3414
3472
3688
3369
3321
3353
3601
3418
3417
3241
3182
3262
3430
3501
3334
3484
3319
3365
3367
3293
3249
3262
3312
3337
3372
3703
3573
3468
3488
3421
3334
3356
3323
3327
3629
3320
3265
3250
3340
3382
3274
3255
3276
3603
3358
3381
3296
3296
3253
3201
3229
3261
3738
3574
3480
3426
3383
3316
3293
3312
3242
3541
3294
3351
3275
3325
3264
3361
3316
3270
3621
3332
3458
3306
3360
3368
3384
3459
3754
3793
3532
3520
3837
3277
3237
3307
3345
3383
3583
3315
3356
3407
3285
3324
3260
3333
3490
3903
3658
3512
3290
3370
3307
3424
3464
3673
3870
3495
3326
3226
3243
3466
3338
3245
3256
3344
3404
3333
3341
3265
3262
3365
3264
3327
3361
3293
3405
3360
3331
3551
3495
3492
3545
3570
3475
3499
3515
3305
3292
3324
3216
3247
3417
3300
3291
3315
3381
3281
3258
3269
3306
3464
3311
3293
3169
3388
3518
3523
3424
3476
3550
3470
3296
3270
3233
3325
3329
3311
3486
3376
3327
3502
3326
3337
3278
3304
3321
3317
3482
3377
3311
3341
3451
3543
3447
3447
3477
3603
3329
3323
3325
3290
3349
3295
3311
3548
3382
3252
3474
3302
3581
3390
3252
3226
3451
3536
3342
3402
3409
3451
3532
3421
3289
3562
3454
3575
3362
3277
3212
3266
3349
3332
3345
3475
3378
3360
3172
3201
3576
3645
3368
3294
3246
3385
3570
3689
3390
3342
3254
3449
3362
3296
3243
3214
3455
3299
3386
3275
3231
3381
3358
3471
3388
3323
3371
3327
3521
3254
3304
3572
3542
3458
3518
3335
3311
3322
3303
3279
3310
3505
3299
3154
3312
3295
3352
3276
3263
3251
3279
3422
3274
3221
3247
3191
3485
3391
3553
3529
3532
3399
3389
3236
3435
3266
3226
3342
3446
3249
3286
3346
3357
3303
3238
3191
3207
3344
3352
3316
3271
3188
3209
3182
3735
3613
3736
3565
3408
3329
3360
3222
3280
3224
3345
3307
3447
3275
3158
3201
3239
3357
3299
3235
3283
3278
3405
3294
3252
3234
3255
3301
3303
3520
3669
3473
3310
3314
3267
3395
3280
3234
3282
3387
3311
3331
3376
3307
3245
3238
3197
3352
3367
3440
3253
3301
3276
3492
3430
3424
3343
3642
3365
3286
3320
3388
3323
3311
3279
3285
3268
3428
3317
3271
3232
3219
3335
3389
3291
3343
3284
3300
3173
3352
3466
3435
3499
3366
3449
3357
3285
3340
3258
3206
3272
3432
3291
3399
3271
3258
3323
3408
3268
3235
3144
3243
3319
3408
3275
3225
3377
3514
3353
3369
3295
3348
3467
3314
3234
3289
3255
3423
3360
3319
3232
3456
3325
3447
3284
3282
3175
3215
3161
3234
3379
3263
3384
3394
3432
3383
3353
3274
3308
3226
3273
3364
3338
3285
3267
3283
3219
3381
3287
3301
3166
3306
3344
3449
3283
3250
3216
3285
3406
3497
3384
3390
3411
3341
3355
3350
3280
3332
3345
3326
3164
3218
3367
3375
3252
3342
3290
3399
3176
3241
3300
3267
3486
3409
3295
3540
3491
3661
3561
3380
3293
3313
3419
3301
3265
3380
3344
3504
3252
3251
3185
3366
3387
3311
3278
3273
3228
3378
3313
3255
3390
3398
3477
3747
3502
3402
3296
3303
3529
3365
3305
3294
3462
3547
3243
3258
3233
3518
3325
3313
3252
3355
3452
3355
3274
3255
3188
3311
3395
3427
3625
3496
3340
3590
3472
3247
3255
3546
3320
3401
3283
3295
3412
3378
3266
3205
3225
3218
3324
3341
3257
3268
3226
3239
3429
3438
3388
3502
3489
3390
3271
3359
3342
3282
3262
3206
3404
3402
3303
3294
3239
3293
3517
3320
3170
3300
3262
3461
3294
3259
3436
3501
3323
3413
3448
3291
3332
3341
3290
3322
3232
3385
3360
3435
3347
3324
3219
3512
3282
3375
3290
3270
3208
3351
3325
3332
3337
3419
3543
3544
3363
3269
3392
3343
3280
3363
3228
3345
3324
3427
3390
3354
3409
3321
3262
3319
3243
3208
3177
3184
3388
3434
3286
3456
3398
3501
3461
3354
3285
3347
3314
3304
3444
3222
3169
3198
3296
3509
3253
3240
3300
3297
3547
3413
3221
3203
3217
3439
3344
3480
3431
3482
3645
3485
3392
3251
3298
3447
3339
3305
3245
3367
3366
3375
3297
3274
3445
3408
3329
3297
3268
3307
3248
3313
3306
3568
3548
3476
3414
3451
3285
3384
3329
3290
3404
3356
3481
3281
3258
3349
3258
3364
3247
3295
3281
3352
3361
3296
3273
3297
3225
3483
3494
3743
3523
3381
3348
3399
3238
3308
3235
3474
3295
3277
3248
3248
3412
3368
3290
3256
3247
3395
3297
3336
3356
3223
3230
3228
3453
3446
3627
3694
3397
3294
3205
3338
3371
3293
3172
3347
3287
3361
3301
3259
3174
3218
3493
3298
3345
3240
3206
3429
3336
3267
3379
3458
3426
3665
3554
3347
3316
3540
3358
3266
3217
3234
3397
3373
3266
3259
3188
3549
3254
3248
3208
3403
3331
3227
3264
3253
3297
3682
3379
3457
3349
3501
3406
3389
3196
3249
3339
3460
3296
3359
3292
3291
3351
3370
3378
3271
3237
3224
3243
3455
3379
3262
3323
3485
3497
3432
3476
3269
3355
3359
3274
3182
3476
3302
3316
3326
3345
3377
3471
3387
3327
3372
3352
3266
3269
3207
3418
3363
3341
3415
3474
3471
3528
3356
3316
3402
3362
3429
3292
3204
3190
3246
3366
3439
3541
3321
3373
3353
3272
3244
3237
3274
3278
3393
3450
3288
3436
3435
3470
3361
3330
3373
3566
3341
3385
3291
3347
3336
3247
3372
3194
3473
3365
3236
3222
3309
3351
3305
3394
3320
3363
3350
3558
3410
3359
3398
3417
3381
3329
3327
3255
3342
3310
3254
3256
3264
3455
3503
3338
3341
3270
3385
3290
3296
3469
3324
3303
3284
3675
3559
3444
3514
3350
3271
3489
3337
3292
3461
3367
3259
3291
3413
3376
3302
3252
3326
3425
7955
7843
5044
3279
3522
3723
3519
3498
3396
3301
3415
3431
3300
3388
3310
3306
3304
3296
3301
3456
3338
3345
3333
3281
3256
3302
3386
3225
3310
3250
3500
3502
3464
3417
3444
3449
3385
3232
3254
3222
3339
3363
3315
3305
3290
3313
3294
3288
3294
3269
3433
3407
3356
3202
3223
3349
3354
3396
3303
3548
3521
3305
3320
3378
3216
