5586
2922
2430
2553
2392
2338
2045
1194
1067
1024
1021
1032
1038
1092
1055
1024
1018
1021
2287
2346
2477
1907
2259
1521
1058
1023
1145
1103
1033
1023
1059
1054
1017
1026
1042
1026
1074
1040
1038
1033
1038
1024
1049
1025
1070
1045
1053
1053
1053
1037
1049
1006
1034
1047
1063
1045
1071
1078
1032
1027
1028
1068
1027
1024
1045
1033
1010
1015
1046
1042
1035
998
1272
1057
1021
1026
1047
1051
1016
1001
1038
1055
1075
1098
1229
1059
1021
1022
1015
1020
1018
1066
1085
1019
1015
1018
1014
1069
1017
1071
1081
1010
1030
1068
1006
993
1089
1038
1011
1022
1013
1019
1074
1064
1022
1018
1068
1053
1012
1008
1016
1002
1017
1002
1003
1088
1052
1020
1014
1012
1039
1061
1052
1023
1031
1004
1005
1002
1035
1004
1032
1029
1013
1008
1007
1039
1050
1056
1021
1008
1016
1035
1024
1021
1014
1007
1007
1059
1030
1014
1015
1021
1002
1000
1037
1003
1000
1001
1000
1017
994
1014
1002
1009
1003
999
1049
1013
1000
1008
1036
1017
1018
1028
1000
1008
1013
1001
1008
1005
1002
1023
1004
998
1001
1025
1000
1008
1000
1000
1029
1028
1003
1003
1004
1024
1012
1111
1032
1122
1035
1012
1010
1022
1010
1010
1009
1006
1002
1012
1066
1043
1075
1016
1104
1013
1011
1007
1011
1014
1069
1011
1089
1010
1256
1024
1656
1071
1180
1049
1013
1016
1012
1978
1290
1116
1169
1095
1129
1131
1090
1087
1096
1142
1130
1104
1138
1138
1784
1276
1147
1216
1324
1260
1235
1159
1119
1109
1126
1138
1139
1139
1137
1142
1113
1095
1085
1155
1120
1113
1137
1116
1134
1134
1095
1083
1068
1106
1108
1076
1126
1134
1064
1064
1066
1110
1077
1060
1073
1064
1089
1156
1193
1141
1108
1090
1092
1172
1107
1112
1093
1102
1127
1125
1130
1122
1141
1099
1153
1121
1112
1108
1146
1120
1098
1084
1100
1164
1095
1093
1094
1096
1092
1072
1073
1085
1100
1083
1124
1084
1081
1089
1088
1083
1115
1100
1101
1111
1083
1082
1073
1072
1084
1092
1157
1065
1069
1261
1069
1097
1078
1077
1059
1093
1106
1068
1075
1081
1086
1130
1168
1089
1128
1135
1148
1104
1088
1095
1109
1090
1212
1111
1097
1070
1089
1157
1116
1093
1080
1089
1076
1100
1078
1077
1077
1057
1075
1073
1062
1092
1105
1147
1098
1071
1064
1076
1085
1099
1076
1101
1118
1082
1063
1063
1126
1147
1097
1124
1113
1064
1089
1100
1156
1325
1091
1070
1051
1117
1071
1048
1067
1081
1142
1139
1126
1060
1125
1138
1053
1053
1068
1060
1061
1076
1058
1079
1074
1209
1123
1147
1095
1089
1112
1131
1153
1093
1069
1066
1075
1144
1161
1120
1074
1069
1106
1144
1064
1073
1091
1215
1149
1082
1084
1108
1086
1084
1090
1083
1087
1164
1100
1225
1162
1143
1102
1087
1125
1141
1114
1105
1181
1194
1110
1153
1147
1214
1309
1155
1132
1073
1118
1062
1056
1054
1104
1267
1070
1054
1050
1071
1045
1093
1131
1072
1134
1054
1055
1056
1091
1036
1049
1063
1080
1077
1064
1051
1086
1093
1068
1064
1067
1065
1075
1027
1071
1079
1030
1080
1061
1064
1091
1098
1113
1115
1089
1072
7768
1189
1100
1094
1079
1038
1081
1106
1085
1078
1049
1072
1051
1082
1050
1076
1055
1066
1073
1047
1041
1133
1074
1077
1083
1051
1072
1047
1062
1043
1063
1056
1049
1048
1050
1053
1060
1077
1044
1056
1100
1081
1119
1045
1046
1050
1085
1071
1074
1131
1077
1049
1073
1088
1054
1095
1148
1076
1073
1120
1114
1073
1086
1079
1072
1092
1090
1097
1066
1074
1063
1095
1079
1062
1088
1061
1077
1066
1108
2557
1592
1299
1102
1087
1083
1157
1089
1080
1073
1085
1075
1136
1082
1126
1076
1081
1085
1090
1091
1077
1088
1094
1147
1134
1090
1081
1070
1070
1079
1079
1070
1086
1083
1088
1094
1095
1092
1088
1125
1086
1121
1139
1098
1092
1102
1133
1136
1104
1093
1102
1146
1093
1079
1116
1174
1104
1102
1099
1099
1110
1086
1084
1080
1124
1101
1112
1092
1084
1115
1117
1148
1116
1268
1082
1450
1093
1209
1090
1091
1066
1067
1077
1075
1154
1175
1160
1136
1090
1084
1103
1140
1237
1109
1091
1091
1109
1094
1153
1183
1115
1130
1123
1086
1124
1137
1596
1417
1137
1115
1095
1066
1053
1050
1059
1047
1064
1088
1046
1094
1051
1037
1117
1043
1092
1038
1054
1047
1038
1043
1038
1092
1061
1048
1091
1073
1078
1143
1069
1058
1063
1062
1058
1064
1062
1080
1053
1072
1064
1055
1070
1039
1050
1071
1071
1045
1081
1050
1046
1100
1046
1048
1044
1089
1066
1068
1062
1064
1051
1046
1048
1083
1050
1053
1046
1036
1069
1049
1086
1050
1178
1106
1173
2143
2230
1313
1082
1082
1073
1069
1067
1076
1252
1105
1134
1089
1080
1068
1046
1087
1058
1059
1071
1083
1103
1056
1087
1082
1133
1119
1078
1072
1089
1170
1080
1097
1086
1084
1095
1099
1093
1107
1138
1115
1083
1107
1080
1070
1086
1092
1074
1120
1091
1072
1095
1133
1128
1066
1063
1079
1232
1126
1078
1095
1088
1077
1081
1074
1112
1073
1133
1094
1099
1097
1108
1067
1073
1110
1121
1082
1085
1096
1083
1124
1076
1077
1077
1132
1058
1067
1112
1107
1184
1117
1071
1068
1152
1061
1058
1221
1094
1080
1079
1104
1110
1167
1149
1150
1129
1086
1059
1055
1054
1053
1116
1080
1055
1053
1244
1070
1055
1064
1049
1116
1153
1070
1072
1058
1042
1032
1048
1111
1159
1069
1061
1055
1112
1112
1099
1102
1134
1069
1154
1129
1120
1065
1065
1079
1093
1068
1041
1144
1125
1076
1081
1100
1107
1062
1093
1113
1075
1061
1080
1057
1366
1068
1145
1102
1092
1106
1074
1083
1119
1068
1072
1071
1095
1068
1074
1085
1113
1101
1106
1146
1121
1082
1073
1072
1122
1061
1061
1149
1114
1115
1170
1130
1136
1143
1126
1111
1092
1081
1089
1117
1089
1085
1092
1063
1054
1076
1090
1058
1103
1093
1136
1101
1068
1064
1072
1084
1094
1037
1055
1076
1091
1068
1069
1075
1070
1086
1140
1103
1064
1059
1116
1117
1059
1074
1078
1120
1089
1082
1093
1105
1093
1066
1078
1063
1323
1104
1075
1127
1090
1100
1053
1050
1060
1060
1153
1076
1071
1085
1061
1062
1070
1059
1068
1101
1059
1049
1049
1066
1054
1050
1051
1102
1417
1100
1068
1074
1079
1106
1072
1097
1051
1068
1070
1109
1149
1122
1115
1079
1071
1089
1080
1059
1059
1082
1118
1151
1078
1057
1083
1112
1119
1107
1128
1089
1083
1092
1113
1065
1074
1064
1093
1120
1081
1073
1056
1156
1128
1110
1064
1069
1081
1050
1054
1050
1054
1074
1101
1155
1086
1069
1088
1061
1073
1103
1079
1066
1060
1060
1077
1074
1076
1082
1076
1146
1047
1062
1057
1054
1072
1052
1116
1085
1073
1065
1062
1064
1135
1146
1151
1122
1067
1066
1057
1072
1057
1050
1088
1094
1055
1071
1070
1061
1067
1077
1131
1106
1116
1072
1139
1049
1073
1071
1075
1070
1102
1050
1088
1068
1056
1060
1076
1111
1134
1132
1099
1075
1075
1067
1072
1056
1062
1054
1057
1071
1060
1055
1078
1115
1068
1124
1081
1065
1095
1062
1086
1065
1081
1062
1098
1064
1081
1071
1142
1119
1074
1055
1063
1071
1036
1084
1133
1090
1065
1077
1060
1051
1056
1076
1087
1129
1098
1111
1065
1076
1073
1066
1080
1077
1101
1062
1078
1066
1094
1060
1090
1137
1070
1079
1061
1107
1055
1055
1059
1149
1071
1072
1078
1077
1138
1075
1202
1121
1073
1070
1061
1059
1084
1059
1071
1072
1096
1058
1062
1080
1062
1066
1085
1119
1117
1068
1077
1059
1066
1067
1058
1072
1174
1081
1105
1086
1103
1082
1095
1131
1104
1093
1060
1122
1071
1130
1111
1072
1063
1055
1089
1065
1054
1053
1105
1096
1219
1069
1070
1070
1134
1064
1131
1107
1062
1073
1063
1063
1063
1106
1093
1122
1070
1078
1067
1074
1081
1089
1076
1074
1076
1072
1080
1089
1079
1074
1093
1206
1078
1072
1068
1089
1070
1065
1088
1061
1104
1105
1064
1068
1070
1061
1087
1128
1105
1088
1076
1069
1069
1078
1073
1065
1065
1068
1076
1060
1166
1081
1119
1141
1065
1082
1106
1079
1096
1069
1090
1063
1083
1062
1098
1150
1089
1095
1105
1158
1084
1095
1077
1100
1078
1104
1097
1084
1120
1072
1129
1074
1068
1082
1104
1166
1058
1056
1066
1056
1055
1082
1059
1147
1086
1064
1073
1075
1076
1084
1113
1185
1069
1066
1063
1060
1085
1062
1074
1068
1062
1132
1126
1194
1087
1074
1098
1204
1074
1070
1070
1120
1093
1078
1121
1076
1068
1136
1129
1078
1076
1092
1109
1125
1056
1097
1064
1068
1171
1128
1091
1074
1093
1076
1073
1063
1072
1061
1076
1135
1092
1078
1074
1068
1083
1089
1074
1104
1086
1126
1058
1064
1109
1094
1090
1158
1072
1061
1081
1059
1145
1057
1069
1086
1042
1051
1098
1055
1045
1047
1068
1124
1053
1103
1087
1053
1050
1064
1039
1104
1126
1068
1058
1048
1057
1047
1071
1161
1186
1117
1095
1058
1062
1047
1056
1083
1029
1101
1102
1083
1044
1101
1038
1143
1063
1075
1132
1086
1177
1065
1074
1060
1045
1051
1073
1053
1051
1050
1067
1108
1072
1147
1102
1112
1081
1187
1152
1071
1073
1083
1062
1038
1084
1057
1117
1155
1186
1071
1065
1082
1085
1057
1053
1038
1028
1027
1027
1032
1101
1046
1044
1127
1075
1080
1057
1073
1072
1053
1051
1043
1064
1044
1065
1047
1055
1111
1086
1224
1105
1096
1068
1065
1056
1059
1074
1072
1059
1062
1067
1053
1053
1067
1087
1132
1063
1053
1052
1053
1109
1054
1077
1054
1056
1092
1112
1067
1068
1077
1083
1112
1093
1081
1058
1058
1097
1070
1075
1065
1060
1055
1070
1064
1053
1073
1131
1109
1080
1063
1100
1048
1063
1070
1082
1074
1036
1052
1037
1044
1065
1158
1089
1081
1100
1092
1078
1029
1065
1026
1026
1058
1051
1100
1086
1044
1058
1056
1093
1169
1089
1075
1067
1064
1067
1148
1071
1068
1059
1022
1059
1056
1248
1098
1081
1100
1057
1042
1056
1044
1044
1060
1041
1041
1058
1062
1047
1045
1044
1045
1119
1090
1131
1078
1055
1055
1049
1038
1037
1091
1090
1102
1054
1075
1065
1127
1091
1132
1086
1046
1044
1036
1073
1038
1044
1042
1039
1045
1044
1092
1043
1038
1065
1139
1020
1034
1046
1053
1024
1025
1025
1033
1055
1072
1029
1088
1051
1036
1075
1171
1138
1055
1059
1049
1042
1047
1052
1044
1060
1051
1123
1073
1040
1085
1095
1154
1048
1055
1044
1062
1049
1051
1047
1048
1046
1051
1048
1047
1046
1071
1067
1134
1056
1048
1038
1037
1105
1047
1133
1086
1096
1049
1053
1058
1062
1075
1058
1136
1048
1042
1065
1074
1046
1061
1046
1046
1045
1039
1026
1034
1022
1032
1074
1129
1058
1034
1128
1032
1048
1030
1050
1130
1050
1053
1061
1055
1069
1056
1067
1133
1060
1049
1036
1051
1038
1103
1080
1035
1043
1052
1036
1094
1028
1049
1116
1179
1071
1058
1030
1034
1082
1053
1096
1064
1070
1052
1050
1044
1048
1051
1056
1160
1071
1080
1044
1035
1030
1019
1041
1081
1045
1031
1030
1144
1079
1105
1088
1138
1064
1064
1086
1036
1073
1055
1076
1074
1083
1063
1072
1062
1045
1060
1069
1118
1057
1058
1037
1036
1035
1045
1037
1071
1056
1050
1268
1072
1070
1062
1073
1118
1061
1071
1056
1056
1062
1060
1124
1153
1071
1066
1086
1095
1050
1069
1077
1136
1058
1055
1056
1073
1070
1067
1052
1109
1059
1058
1065
1107
1058
1061
1084
1126
1058
1068
1049
1060
1065
1053
1062
1047
1048
1093
1048
1066
1047
1050
1095
1143
1077
1089
1053
1105
1111
1056
1057
1067
1060
1084
1057
1057
1063
1055
1076
1124
1058
1055
1070
1159
1077
1096
1066
1071
1064
1063
1086
1058
1080
1094
1083
1096
1041
1039
1057
1035
1071
1110
1097
1068
1067
1068
1061
1066
1057
1048
1071
1094
1056
1077
1056
1074
1040
1078
1065
1069
1070
1054
1075
1070
1077
1068
1078
1089
1077
1063
1048
1082
1112
1085
1093
1060
1067
1059
1074
1061
1076
1058
1080
1109
1086
1067
1104
1072
1050
1043
1085
1068
1100
1045
1064
1054
1056
1077
1060
1104
1037
1100
1054
1035
1042
1054
1062
1047
1053
1067
1061
1063
1046
1052
1066
1074
1038
1040
1045
1044
1054
1088
1109
1050
1055
1074
1051
1072
1058
1104
1045
1107
1055
1063
1068
1107
1052
1139
1050
1073
1047
1047
1029
1051
1061
1049
1079
1120
1125
1087
1065
1073
1050
1104
1066
1063
1066
1065
1033
1037
1019
1084
1076
1097
1048
1057
1078
1060
1063
1084
1060
1054
1051
1048
1128
1066
1061
1057
1069
1093
1110
1043
1100
1072
1099
1077
1056
1070
1055
1048
1048
1066
1049
1051
1060
1144
1041
1052
1087
1074
1065
1048
1050
1055
1052
1052
1069
1130
1096
1067
1093
1111
1050
1036
1058
1069
1054
1069
1062
1070
1068
1082
1044
1051
1050
1059
1078
1111
1077
1062
1047
1049
1042
1065
1079
1067
1148
1066
1075
1054
1058
1030
1042
1112
1048
1049
1045
1077
1097
1079
1105
1075
1065
1070
1042
1045
1129
1139
1066
1088
1058
1052
1095
1062
1085
1048
1087
1050
1047
1049
1052
1049
1047
1048
1085
1113
1052
1048
1051
1048
1042
1053
1049
1047
1043
1070
1048
1052
1102
1057
1041
1180
1093
1100
1092
1053
1070
1061
1050
1052
1049
1046
1047
1047
1068
1049
1115
1129
1090
1059
1058
1052
1050
1067
1047
1050
1043
1050
1048
1056
1069
1044
1118
1111
1038
1108
1059
1046
1048
1039
1047
1042
1072
1072
1059
1052
1050
1131
1104
1095
1058
1101
1063
1047
1068
1048
1046
1043
1080
1074
1045
1058
1122
1107
1065
1094
1057
1057
1048
1061
1083
1048
1043
1043
1051
1047
1050
1146
1138
1055
1075
1087
1033
1134
1037
1072
1126
1103
1081
1085
1114
1078
1079
1075
1076
1079
1147
1133
1058
1056
1058
1056
1055
1100
1043
1058
1057
1100
1075
1058
1062
1060
1083
1110
1032
1102
1098
1088
1078
1072
1065
1065
1067
1099
1112
1104
1087
1082
1082
1155
1063
1048
1073
1111
1058
1040
1037
1067
1048
1047
1093
1113
1044
1044
1084
1129
1046
1061
1041
1036
1050
1036
1069
1052
1043
1108
1045
1066
1044
1052
1075
1114
1038
1099
1049
1054
1046
1070
1047
1042
1044
1121
1097
1048
1045
1045
1067
1071
1062
1017
1056
1040
1064
1046
1048
1075
1055
1119
1068
1049
1057
1069
1090
1075
1043
1045
1053
1062
1036
1037
1053
1103
1051
1054
1097
1074
1070
1068
1116
1109
1084
1063
1072
1037
1037
1054
1104
1048
1076
1119
1052
1058
1122
1062
1078
1089
1055
1060
1070
1100
1082
1047
1039
1037
1105
1085
1057
1077
1080
1100
1076
1127
1064
1048
1057
1054
1058
1136
1068
1177
1084
1063
1094
1058
1091
1060
1113
1108
1062
1059
1065
1049
1056
1049
1086
1121
1088
1055
1059
1084
1057
1047
1085
1102
1050
1091
1057
1057
1067
1113
1089
1084
1069
1104
1077
1058
1076
1076
1201
1141
1109
1078
1075
1100
1045
1075
1065
1070
1065
1039
1037
1038
1062
1032
1053
1139
1041
1038
1085
1081
1057
1062
1079
1071
1062
1054
1061
1055
1055
1054
1159
1108
1057
1066
1069
1073
1059
1090
1076
1072
1063
1122
1093
1061
1071
1062
1077
1130
1058
1063
1096
1113
1102
1069
1069
1064
1055
1057
1059
1074
1061
1056
1077
1131
1050
1056
1057
1122
1141
1106
1057
1070
1060
1073
1046
1055
1047
1061
1081
1158
1070
1063
1084
1163
1138
1075
1106
1073
1095
1104
1045
1044
1045
1069
1057
1121
1051
1056
1068
1066
1049
1062
1055
1075
1060
1070
1056
1055
1060
1055
1075
1112
1107
1050
1103
1132
1071
1075
1099
1084
1096
1119
1060
1088
1063
1076
1058
1153
1075
1069
1130
1053
1049
1064
1035
1173
1088
1062
1068
1049
1050
1051
1075
1106
1050
1120
1070
1078
1091
1073
1091
1094
1040
1041
1035
1040
1063
1060
1078
1076
1057
1076
1069
1146
1112
1068
1073
1071
1072
1052
1072
1061
1052
1054
1072
1132
1153
1089
1069
1085
1060
1059
1070
1040
1036
1040
1070
1049
1048
1060
1134
1071
1060
1121
1491
1062
1060
1046
1067
1051
1050
1054
1082
1057
1081
1074
1104
1160
1098
1064
1062
1074
1062
1057
1058
1057
1075
1060
1058
1110
1092
1053
1052
1190
1118
1109
1065
1065
1069
1073
1078
1057
1056
1054
1076
1055
1075
1066
1075
1068
1056
1073
1080
1084
1094
1082
1063
1116
1071
1079
1073
1057
1075
1134
1090
1115
1066
1060
1061
1053
1055
1055
1100
1049
1065
1048
1048
1065
1068
1081
1096
1060
1073
1075
1042
1067
1056
1056
1075
1068
1066
1067
1070
1051
1141
1084
1106
1081
1056
1055
1091
1048
1039
1042
1051
1049
1048
1048
1052
1058
1154
1088
1058
1065
1062
1054
1047
1040
1038
1050
1068
1054
1066
1049
1045
1101
1086
1066
1066
1072
1050
1052
1063
1045
1063
1067
1050
1090
1072
1191
1089
1092
1047
1042
1056
1159
1055
1068
1060
1048
1036
1050
1036
1065
1123
1067
1071
1077
1056
1055
1074
1065
1093
1041
1057
1047
1062
1031
1053
1044
1065
1050
1066
1066
1070
1075
1093
1129
1037
1034
1032
1032
1033
1086
1029
1050
1058
1075
1134
1126
1157
1059
1074
1068
1063
1065
1048
1066
1046
1049
1061
1062
1075
1049
1126
1152
1061
1060
1090
1092
1057
1051
1051
1065
1052
1047
1049
1050
1074
1065
1092
1070
1067
1048
1044
1130
1081
1077
1102
1053
1056
1051
1065
1048
1069
1068
1044
1068
1066
1034
1040
1096
1077
1050
1042
1041
1053
1046
1062
1047
1053
1060
1062
1043
1051
1047
1110
1138
1116
1080
1095
1067
1066
1058
1064
1096
1063
1057
1047
1048
1045
1022
1081
1097
1045
1045
1051
1043
1044
1056
1129
1069
1087
1047
1035
1025
1029
1215
1103
1087
1071
1075
1055
1063
1067
1064
1057
1109
1244
1153
1131
1072
1070
1059
1061
1057
1107
1156
1130
1070
1046
1071
1069
1083
1166
1176
1087
1106
1080
1106
1118
1055
1144
1204
1146
1053
1050
1113
1157
1062
1069
1126
1145
1077
1082
1059
1095
1158
1151
1163
1091
1096
1139
1175
1089
1085
1192
1280
1099
1080
1042
1063
1135
1185
1159
1119
1102
1070
1072
1071
1156
1194
1111
1088
1069
1083
1072
1188
1168
1132
1141
1098
1141
1136
1136
1080
1066
1075
1081
1199
1112
1083
1086
1061
1063
1109
1245
1135
1130
1102
1092
1067
1115
1217
1107
1118
1094
1172
1128
1084
1151
1186
1204
1121
1081
1072
1104
1143
1212
1110
1085
1074
1106
1103
1198
1277
1103
1069
1081
1081
1079
1125
1049
1119
1147
1107
1191
1220
1106
1060
1082
1115
1214
1287
1206
1083
1091
1152
1065
1081
1168
1179
1163
1066
1053
1089
1074
1223
1214
1123
1104
1106
1128
1063
1077
1173
1198
1108
1068
1116
1116
1137
1363
1252
1086
1079
1096
1085
1105
1085
1114
1129
1139
1175
1219
1104
1141
1211
1097
1094
1185
1238
1098
1098
1085
1046
1110
1078
1071
1066
1066
1081
1073
1068
1067
1091
1048
1094
1050
1176
1070
1061
1139
1169
1124
1100
1097
1073
1080
1087
1089
1091
1124
1101
1095
1116
1198
1177
1107
1093
1118
1082
1129
1262
1381
1092
1120
1083
1130
1109
1236
1164
1128
1131
1113
1118
1122
1313
1271
1113
1132
1147
1140
1146
1340
1258
1188
1167
1204
1155
1245
1416
1302
1212
1213
1152
1191
1316
1359
1217
1157
1216
1182
1189
1514
1330
1187
1195
1386
1172
1350
1301
1202
1184
1182
1208
1284
1352
1353
1255
1206
1171
1167
1201
1209
1181
1227
1264
1378
1293
1251
1190
1214
1179
1315
1277
1235
1170
1179
1171
1325
1286
1217
1205
1314
1247
1227
1155
1189
1302
1258
1165
1185
1137
1170
1369
1447
1245
1229
1181
1218
1241
1381
1247
1162
1200
1166
1184
1235
1163
1152
1220
1271
1404
1240
1205
1168
1200
1202
1321
1314
1179
1177
1161
1228
1425
1375
1196
1187
1186
1182
1202
1299
1255
1172
1170
1175
1210
1295
1414
1338
1220
1177
1179
1194
1333
1273
1176
1177
1154
1207
1246
1215
1177
1273
1326
1302
1177
1157
1213
1234
1312
1371
1195
1282
1237
1200
1209
1312
1286
1317
1175
1172
1220
1174
1287
1346
1241
1237
1193
1188
1238
1417
1252
1182
1173
1206
1164
1203
1379
1274
1188
1296
1197
1144
1176
1277
1178
1162
1214
1315
1272
1300
1162
1181
1200
1309
1321
1222
1273
1249
1208
1187
1258
1347
1197
1176
1172
1263
1340
1372
1250
1202
1208
1249
1198
1318
1246
1174
1182
1255
1221
1277
1396
1295
1192
1166
1169
1258
1169
1177
1223
1250
1343
1222
1164
1254
1157
1172
1298
1271
1188
1254
1114
1275
1146
1168
1145
1222
1138
1215
1153
1176
1172
1155
1154
1173
1222
1228
1134
1150
1153
1146
1130
1155
1166
1154
1168
1197
1148
1153
1171
1260
1144
1152
1166
1158
1156
1182
1172
1135
1149
1166
1177
1135
1132
1155
1230
1144
1157
1186
1299
1265
1173
1175
1182
1151
1140
1182
1181
1145
1165
1211
1155
1195
1183
1219
1171
1146
1175
1150
1156
1147
1167
1131
1150
1225
1178
1155
1252
1171
1195
1162
1163
1152
1169
1199
1156
1164
1163
1163
1167
1164
1167
1184
1183
1140
1151
1150
1165
1198
1151
1149
1153
1151
1146
1161
1199
1178
1158
1161
1165
1153
1160
1138
1196
1159
1146
1154
1140
1157
1172
1253
1170
1174
1131
1136
1137
1143
1128
1140
1142
1131
1148
1136
1286
1200
1159
1156
1152
1158
1184
1181
1147
1165
1164
1132
1129
1207
1128
1173
1177
1156
1138
1140
1149
1136
1134
1140
1147
1137
1122
1140
1132
1139
1134
1176
1144
1161
1157
1156
1160
1136
1138
1139
1152
1218
1166
1159
1137
1180
1204
1216
1196
1172
1192
1356
1217
1148
1161
1187
1153
1297
1418
1222
1182
1218
1168
1158
1323
1372
1215
1182
1138
1288
1396
1426
1328
1211
1182
1200
1164
1244
1287
1221
1173
1247
1204
1279
1428
1271
1157
1166
1196
1201
1263
1334
1219
1184
1169
1158
1202
1304
1294
1205
1154
1148
1196
1289
1343
1280
1428
1197
1191
1247
1310
1266
1178
1163
1153
1176
1241
1285
1256
1183
1148
1179
1171
1290
1315
1158
1187
1156
1201
1179
1262
1425
1236
1171
1262
1317
1197
1163
1219
1163
1292
1338
1251
1170
1179
1172
1172
1265
1317
1146
1251
1191
1182
1162
1296
1438
1343
1200
1239
1223
1184
1356
1305
1177
1198
1158
1172
1209
1363
1247
1206
1206
1171
1177
1242
1218
1248
1177
1290
1323
1167
1224
1206
1277
1300
1306
1209
1229
1162
1149
1190
1281
1265
1150
1189
1147
1178
1275
1305
1176
1179
1205
1144
1169
1329
1257
1198
1167
1265
1190
1155
1174
1259
1233
1171
1202
1138
1148
1176
1157
1179
1171
1342
1460
1204
1143
1140
1143
1210
1347
1260
1195
1183
1152
1149
1182
1418
1319
1149
1147
1176
1160
1332
1321
1159
1165
1182
1125
1217
1287
1255
1155
1133
1210
1166
1264
1363
1263
1171
1178
1151
1145
1178
1188
1272
1201
1143
1271
1282
1189
1218
1163
1143
1244
1324
1203
1155
1183
1149
1253
1342
1295
1148
1180
1176
1207
1261
1355
1195
1182
1139
1158
1203
1297
1356
1203
1171
1152
1170
1328
1308
1264
1187
1198
1146
1188
1257
1238
1174
1182
1175
1270
1331
1212
1152
1164
1197
1339
1516
1254
1187
1149
1152
1194
1295
1228
1179
1236
1188
1194
1357
1284
1230
1160
1172
1171
1168
1253
1318
1170
1184
1182
1150
1239
1324
1247
1247
1184
1161
1169
1265
1294
1213
1140
1194
1241
1230
1307
1266
1165
1220
1173
1154
1264
1294
1221
1163
1177
1209
1239
1306
1254
1168
1190
1180
1180
1249
1348
1198
1163
1233
1447
1224
1384
1396
1241
1189
1173
1193
1297
1376
1225
1164
1178
1180
1187
1312
1299
1165
1145
1163
1171
1218
1291
1282
1218
1250
1198
1148
1322
1352
1216
1148
1193
1141
1139
1176
1261
1265
1163
1237
1422
1184
1149
1164
1183
1173
1151
1159
1140
1224
1149
1150
1141
1177
1162
1151
1155
1119
1179
1247
1163
1150
1157
1135
1183
1146
1161
1134
1137
1204
1187
1166
1152
1178
1354
1201
1168
1140
1149
1169
1184
1132
1140
1143
1153
1162
1166
1189
1176
1197
1144
1128
1127
1123
1154
1143
1141
1143
1131
1126
1162
1252
1168
1271
1204
1160
1166
1138
1132
1132
1143
1130
1131
1125
1148
1141
1181
1234
1197
1177
1142
1212
1160
1191
1285
1167
1159
1153
1133
1150
1128
1250
1153
1156
1177
1137
1136
1108
1167
1170
1171
1209
1185
1157
1139
1216
1154
1143
1185
1181
1142
1145
1161
1157
1130
1147
1147
1160
1135
1255
1156
1141
1134
1116
1191
1148
1157
1128
1124
1146
1131
1133
1137
1170
1152
1142
1180
1143
1149
1326
1195
1154
1166
1166
1153
1137
1131
1153
1146
1142
1137
1130
1140
1149
1234
1135
1142
1189
1140
1128
1145
1134
1134
1168
1152
1147
1134
1146
1142
1244
1150
1159
1160
1202
1226
1156
1147
1157
1176
1138
1125
1182
1133
1148
1220
1143
1144
1141
1151
1135
1173
1153
1146
1142
1176
1134
1112
1139
1170
1216
1140
1157
1126
1146
1146
1156
1171
1163
1141
1155
1139
1139
1185
1196
1202
1162
1143
1194
1144
1148
1121
1219
1132
1158
1142
1167
1142
1157
1138
1212
1127
1175
1145
1404
1136
1136
1130
1145
1140
1148
1135
1131
1160
1195
1177
1237
1145
1173
1144
1136
1181
1161
1128
1196
1143
1162
1125
1190
1185
1219
1119
1169
1140
1133
1163
1141
1130
1145
1140
1165
1154
1152
1137
1168
1208
1141
1144
1152
1146
1141
1132
1147
1160
1145
1132
1142
1150
1174
1193
1208
1185
1144
1197
1124
1121
1215
1232
1162
1170
1139
1115
1124
1138
1133
1231
1140
1209
1236
1149
1153
1160
1130
1139
1136
1135
1135
1227
1122
1120
1265
1138
1144
1141
1168
1141
1181
1174
1137
1160
1176
1256
1169
1116
1216
1223
1115
1220
1141
1187
1208
1231
1147
1188
1174
1181
1135
1210
1183
1166
1246
1237
1137
1141
1144
1138
1139
1144
1141
1136
1149
1207
1149
1149
1169
1259
1173
1153
1185
1237
1158
1213
1167
1172
1181
1153
1160
1148
1125
1224
1250
1157
1121
1142
1134
1169
1132
1146
1180
1183
1149
1133
1156
1139
1173
1216
1137
1131
1133
1136
1145
1204
1265
1156
1140
1141
1202
1124
1136
1191
1294
1197
1146
1144
1120
1138
1125
1130
1130
1145
1187
1146
1114
1270
1153
1222
1150
1151
1185
1140
1138
1155
1152
1147
1127
1135
1162
1147
1136
1147
1203
1157
1142
1154
1168
1129
1179
1195
1171
1178
1161
1169
1159
1159
1213
1202
1167
1197
1150
1182
1141
1153
1162
1150
1217
1129
1123
1131
1155
1159
1222
1165
1150
1144
1142
1154
1145
1196
1259
1205
1264
1204
1165
1152
1154
1233
1157
1152
1173
1143
1144
1150
1144
1204
1182
1179
1163
1169
1161
1157
1173
1149
1153
1184
1178
1178
1135
1136
1156
1193
1136
1137
1124
1130
1168
1236
1182
1191
1167
1214
1144
1142
1180
1174
1173
1141
1159
1145
1132
1145
1275
1198
1159
1162
1149
1133
1177
1174
1186
1165
1144
1127
1159
1236
1145
1185
1128
1130
1127
1118
1126
1113
1156
1176
1148
1172
1243
1222
1145
1144
1193
1147
1148
1141
1231
1167
1151
1117
1158
1126
1126
1121
1134
1120
1169
1177
1146
1119
1128
1132
1145
1117
1198
1197
1152
1143
1144
1113
1110
1155
1220
1157
1194
1170
1178
1131
1147
1168
1167
1203
1202
1128
1174
1129
1147
1230
1188
1153
1137
1210
1193
1154
1204
1141
1151
1138
1185
1145
1141
1163
1159
1197
1132
1115
1120
1096
1127
1107
1165
1191
1170
1127
1118
1120
1121
1185
1198
1197
1196
1162
1163
1149
1121
1157
1127
1136
1125
1178
1119
1130
1166
1167
1164
1152
1119
1138
1116
1198
1153
1154
1158
1202
1134
1133
1136
1189
1214
1229
1163
1177
1159
1215
1151
1144
1144
1151
1190
1122
1137
1137
1188
1237
1152
1144
1157
1139
1143
1164
1159
1127
1128
1140
1115
1126
1144
1269
1189
1185
1143
1173
1152
1135
1172
1153
1157
1153
1205
1129
1138
1173
1212
1176
1173
1191
1170
1147
1154
1142
1138
1139
1125
1160
1138
1185
1208
1179
1189
1158
1163
1127
1200
1146
1121
1157
1134
1123
1117
1117
1116
1172
1215
1180
1169
1160
1161
1137
1200
1225
1159
1146
1182
1136
1124
1193
1172
1193
1171
1142
1141
1141
1138
1136
1140
1140
1165
1238
1197
1145
1190
1168
1197
1152
1139
1171
1162
1154
1101
1179
1144
1142
1155
1179
1180
1161
1174
1259
1138
1147
1166
1189
1161
1163
1176
1141
1168
1294
1153
1155
1169
1178
1222
1146
1171
1140
1131
1147
1123
1133
1126
1182
1119
1120
1120
1101
1135
1196
1339
1153
1204
1221
1148
1167
1218
1154
1125
1163
1164
1136
1152
1255
1202
1207
1160
1190
1163
1160
1289
1175
1180
1180
1193
1184
1331
1271
1225
1128
1131
1142
1323
1334
1208
1183
1296
1198
1161
1304
1361
1187
1215
1175
1172
1206
1285
1268
1212
1184
1191
1163
1219
1197
1274
1282
1179
1174
1143
1200
1201
1264
1219
1230
1195
1185
1205
1249
1290
1239
1198
1189
1192
1165
1268
1324
1180
1209
1195
1216
1171
1290
1311
1207
1195
1190
1180
1233
1299
1252
1147
1188
1206
1169
1188
1225
1219
1191
1237
1391
1249
1164
1209
1154
1262
1461
1328
1198
