2698
5212
4795
4672
4799
5004
4588
4556
4798
5834
4531
5450
5430
6844
6439
5419
5227
5152
5079
5092
5127
5039
5088
5333
6728
5182
5309
5086
5082
4776
4776
4770
4834
5016
5042
4821
4999
4974
5069
4959
19571
5284
4960
4692
4782
4977
4696
4974
4730
4834
4948
5075
4775
4923
5144
4812
4788
5214
5410
5135
5148
5082
4771
4933
5132
5547
4768
4756
4714
4683
4755
4664
4559
4608
4777
4872
4953
4772
4924
4693
4730
19517
7507
5760
4813
4696
4762
5152
4943
4758
4764
4894
4743
4799
5005
5030
4888
5104
5255
5191
4801
4968
4945
5158
4978
4766
4688
5148
4634
4629
4515
4747
4496
4568
4648
4789
4526
4563
4766
5243
4776
4611
4624
4780
4603
4745
4738
4715
4615
4891
5049
5099
5081
5066
5100
5615
4769
4556
4626
5128
4535
4536
4647
5031
4581
4562
4618
4934
4500
4554
4632
4916
4501
4805
4790
5389
4887
4907
4854
5132
4906
4858
4939
5428
4906
4915
4827
5052
4856
4758
4852
5146
4560
4701
4820
5148
4652
4671
4642
5001
4597
4613
4615
5040
4522
4865
4759
5049
4650
4539
4626
4953
4595
4601
4940
5197
4667
4588
4982
5097
4644
4726
4951
5042
4675
4812
4791
4983
4897
4829
4924
5101
4981
4637
4628
5286
4770
4653
4636
5370
4616
4684
4913
5157
4605
4710
4889
5230
4617
4918
4694
4795
4720
4889
4657
4752
4856
4814
4670
4840
4845
4654
4706
4792
4713
4582
4738
4708
4652
4530
4634
4692
4658
4565
4660
4663
4534
4606
4568
4802
4749
4699
4690
4707
4770
4663
4661
4677
4567
4561
4644
4805
4735
4597
4726
4686
4638
4688
4634
4757
4620
4636
4627
4700
4660
4545
4633
4690
4558
4700
4695
4735
4675
4633
4704
4943
4699
4652
4683
4856
4653
4613
4911
4840
4701
4650
4756
4792
4640
4650
4645
4766
5025
4771
4813
4745
4773
4814
4720
4790
4607
4694
4811
4724
4657
4657
4706
4835
4723
4792
4677
4752
4596
4713
4696
4717
4675
4621
4724
4752
4701
4665
4665
4729
4649
4648
4805
4671
4737
4700
4790
4715
4708
4635
4728
4703
4610
4684
4671
4715
4676
4614
4740
4768
4675
4666
4634
4701
4662
4655
4648
4640
4571
4579
4715
4599
4567
4559
4674
4644
4792
4720
4667
4690
4624
4583
4716
4747
4578
4609
4653
4667
4646
4715
4651
4705
4679
4957
4748
4766
4597
4746
4624
4713
4679
4751
4714
4809
4691
4711
4848
4769
4669
4615
4863
4879
4749
4682
4744
4746
4758
4681
4852
4763
4761
4709
4731
4748
4664
4707
4742
4907
4647
4877
4772
4801
4677
4706
4654
4875
4937
4709
4761
5087
6184
5253
4835
4975
5004
4991
5121
5000
4698
4644
4980
5129
5034
5089
5078
5132
4764
4977
4969
5162
4802
5032
4864
5286
4824
4859
5102
5378
4947
4766
4732
5136
4962
4949
4703
5134
4659
4649
4851
5371
4818
4600
4766
5051
4745
4731
5055
5267
4700
4603
4722
5080
4748
4939
4900
5255
4839
4638
4691
5015
4676
4608
4711
5010
4653
4636
4781
5137
4820
4618
4675
5233
4680
4648
4715
5099
4620
4625
4670
5024
4597
4622
4711
5065
4627
4615
4716
5069
4768
4626
4727
5057
4685
4590
4742
5023
4621
4664
4675
5040
4688
4657
4777
4989
4629
4604
4687
5113
4664
4599
4718
5005
4658
4626
4726
5022
4645
4700
4705
5370
4782
4687
4777
5147
4653
4672
4684
5085
4687
4685
4698
5076
4709
4628
4746
5062
4651
4588
4735
5056
4641
4597
4676
5100
4706
4618
4722
5144
4866
5030
4883
5250
4770
4617
4863
5053
4732
4761
4768
5116
4875
4855
4857
5085
4676
4714
4795
5091
4869
4865
4989
5467
4917
4812
4957
5352
4792
4814
4798
5356
4791
4757
4804
5335
4834
4779
4974
5135
4782
4903
4887
5213
4777
4829
4729
5212
4960
4735
4698
5235
4788
4674
4782
5329
4758
4669
4902
5252
4710
4720
4878
5131
4664
4881
4915
5092
4767
4887
4786
5107
4888
4699
4868
5297
4740
4669
4798
5236
4667
4613
4893
5216
4685
4795
4884
5077
4704
4843
4827
5069
4948
4819
4845
5144
4894
4743
4752
5344
4698
4658
4757
5369
4792
4820
4876
5092
4749
4768
4858
5160
4686
4894
4751
5113
4777
4892
4750
5256
4756
4670
4765
5233
4796
4819
4972
5177
4707
4741
4935
5246
4705
4884
4816
5059
4661
4892
4832
5134
4816
4748
4773
5103
4828
4679
4745
5266
4657
4747
4805
5129
4828
4779
4694
5085
4733
4620
4758
5062
4797
4670
4717
5066
4616
4775
4773
5024
4646
4629
4742
5090
4626
4614
4786
5016
4616
4669
4867
5034
4641
4641
4740
4992
4619
4616
4711
5005
4675
4604
4664
5059
4651
4601
4657
5232
4643
4686
4681
5007
4633
4646
4757
5054
4608
4619
4699
5019
4652
4636
4674
5131
4718
4641
4700
4986
4562
4640
4800
5215
4698
4634
4689
5056
4621
4605
4729
5027
4631
4704
4712
5094
4602
4685
4747
5091
4602
4646
4687
5012
4617
4636
4659
5155
4715
4679
4809
5114
4606
4611
4713
5012
4623
4611
4748
5046
4596
4620
4668
4965
4641
4596
4620
4980
4734
4653
4672
4978
4642
4621
4608
5023
4617
4580
4653
5047
4598
4843
5046
5723
5355
5321
5008
5321
4836
4890
4989
5514
5016
4868
4871
5175
5024
5009
4949
5172
5125
4827
5039
5470
4864
4858
5269
6054
7373
7517
6855
5044
4816
5122
4781
5275
4810
4960
4884
4721
4865
4776
4914
4739
4761
4976
4736
4628
4790
4968
4695
4641
4914
4774
4777
4896
5110
4732
4679
4799
4878
4843
4780
4779
4672
4703
4921
4669
4627
5329
4781
4676
4686
5081
4709
4663
4804
5117
4682
4727
4702
5068
4663
4818
4719
4700
4616
4668
4663
4722
4667
4590
4606
4639
4641
4627
4704
4679
4583
4595
4652
4667
4605
4627
4607
4796
4570
4615
4757
4709
4619
4574
4645
4761
4674
4612
4673
4663
4582
4613
4751
4632
4654
4615
4805
4775
4589
4697
4592
4710
4629
4646
4786
4723
4615
4641
4641
4834
4722
4655
4633
4798
4627
4634
4797
4774
4629
4606
4815
4862
4633
4641
5018
4907
4921
4654
4696
4672
4717
4594
4702
4793
4664
4589
4654
4667
4642
4688
4689
4725
4563
4532
4709
5035
4744
4704
4805
5039
4609
4636
4744
4646
4654
4658
4716
4676
4658
4620
4711
4681
4658
4590
4921
5242
4750
4772
4691
5181
4790
4635
4730
5015
4649
4712
4769
5082
4684
4681
4725
5069
4689
4655
4760
5147
4697
4703
4682
5176
4737
4634
4685
5064
4631
4693
4667
5080
4621
4670
4636
4772
4590
4589
4703
4656
4786
4615
4714
5034
4779
4649
4753
5021
4625
4598
4747
5087
4588
4909
4841
5480
4648
4584
4657
5012
4679
4777
4917
5138
4667
4735
4696
5023
4591
4617
4653
5188
4756
4673
4674
5278
4677
4637
4643
5012
4637
4625
4662
4991
4583
4754
4669
4979
4649
4765
4777
5262
4809
4827
4983
5156
4732
4771
4825
5333
4987
4738
4751
5211
4902
4926
4839
5178
4750
4729
5168
5357
5109
4698
4834
5433
4806
4733
4731
5246
4870
4687
4639
5313
4652
4602
4690
4791
4693
4577
4654
4764
4618
4562
4592
4614
4563
4545
4659
4596
4560
4549
4630
4584
4592
4596
4985
4920
4808
4661
4722
4997
4810
4622
4545
4784
4591
4507
4534
4571
4856
4887
4869
4946
4869
4632
4660
4623
4559
4679
4687
4632
4546
4554
4585
4800
4882
4648
4679
5029
4929
4868
4992
4706
4627
4619
4595
4573
4680
4654
4751
4660
4512
4471
4501
4694
4466
4767
4919
4926
4791
4773
4733
4733
4686
4889
4799
4736
4596
4604
4555
4678
4875
4586
4730
4636
4781
4817
4819
4822
4736
4636
4733
4687
4592
4520
4872
4677
4527
4620
4709
4613
4567
4544
4673
4866
4788
4720
4825
4807
4649
4876
4667
4610
4684
4639
4605
4792
4551
4536
4676
4863
4570
4708
4852
4773
4750
4768
4746
4847
4669
4567
4868
4739
4668
4675
4765
4768
4556
4667
4642
4628
4769
4727
4774
4840
4660
4617
4806
4654
4604
4821
4942
4933
4743
4493
4556
4686
4606
4545
4650
4857
4773
4701
4699
4776
4674
4782
4741
4720
4646
4713
4684
4648
4557
4519
4591
4610
4515
4635
4749
4677
4620
4584
4675
4644
4800
4687
4625
4730
4719
4559
4611
4644
4507
4554
4657
4567
4631
4734
4767
4744
4695
4789
4769
4782
4579
4535
4675
4731
4506
4739
4639
4678
4512
4449
4559
4697
4662
4656
4701
4856
4724
4624
4691
4727
4584
4647
4681
4633
4462
4483
4553
4623
4528
4564
4704
4763
4762
4661
4802
4722
4653
4726
4555
4599
4690
4840
4627
4663
4597
4488
4556
4651
4517
4956
4875
4778
4699
4648
4708
4742
4599
4513
4640
4801
4847
4521
4529
4644
4461
4453
4548
4702
4989
5340
5231
5340
5249
5121
5073
4946
5093
4923
4776
4675
4499
4537
4898
4736
4503
4468
5059
5028
5027
4927
5087
4989
4772
4542
4585
4689
4748
4808
4575
4613
4957
4730
4613
4690
4636
4741
4837
4782
4774
4627
4726
4712
4506
4489
4804
4647
4483
4682
4635
4769
4591
4506
4618
4637
4751
4738
4826
4794
4618
4661
4651
4644
4550
4817
4847
4682
4738
4583
4574
4668
4530
4455
4749
4819
4927
4716
4630
4857
4742
4568
4461
4643
4673
4559
4555
4726
4442
4451
4533
4642
4559
4724
4773
4885
4654
4647
4588
4740
4509
4466
4704
4721
4524
4539
4529
4839
4585
4493
4721
4625
4791
4698
4832
4646
4614
4586
4702
4627
4627
4686
4699
4593
4554
4545
4477
4630
4471
4496
4451
4767
4695
4662
4734
4677
4627
4610
4570
4638
4677
4591
4568
4492
4465
4546
4465
4681
4504
4482
4684
4757
4588
4653
4711
4774
4809
4700
4705
4789
4628
4678
4579
4623
4589
4609
4554
4602
4454
4718
4742
4776
4774
4640
4676
4675
4695
4586
4705
4836
4578
4507
4540
4768
4468
4460
4497
4634
4673
4614
4652
4771
4755
4686
4674
4628
4636
4888
4615
4811
4734
4601
4662
4867
4663
4563
4644
4721
4671
4601
4742
4751
4633
4817
4805
4742
5119
5283
5308
4996
4724
4704
4773
4677
4812
4988
5314
5016
4987
4733
4765
4907
4805
4673
4808
4923
4691
4586
4874
5206
4678
4811
4744
4996
5032
5150
5073
4885
4733
4659
4735
4707
4752
4583
4579
4827
4695
4510
4596
4752
4568
4580
5016
5042
4923
4952
4942
5007
4666
4692
4734
4756
4520
4858
4651
4717
4488
4670
4561
4664
4768
4788
4908
4831
4767
4740
4728
4798
4602
4601
4750
4718
4583
4466
4594
4626
4486
4692
4670
4841
4697
4644
4738
4820
4645
4639
4727
4666
4564
4715
4639
4718
4748
4568
4587
4777
4549
4531
4809
4759
4648
4646
4683
4777
4783
4564
4745
4685
4515
4524
4677
4659
4625
4535
4592
4598
4509
4661
4702
4669
4622
4680
4692
4726
4537
4501
4687
4830
4564
4689
4675
4628
4604
4504
4562
4743
4630
4597
4725
4737
4624
4607
4814
4912
4569
4645
4745
4662
4671
4773
4660
4666
4560
4565
4693
4657
4609
4670
4774
4681
4612
4665
4638
4626
4817
4852
5037
4936
4784
4815
4903
4855
4810
6006
6790
4970
4763
4833
4908
4751
4546
4563
4692
4647
4468
4742
4654
4650
4452
4479
4725
4742
4809
4678
4732
4950
4758
4535
4776
4767
4512
4461
4741
4664
4823
4628
4557
4613
4475
4516
4763
4783
4616
4748
4629
4662
4701
4552
4487
4673
4597
4544
4458
4684
4484
4433
4483
4637
4591
4684
4796
4763
4654
4606
4736
4840
4511
4745
4692
4636
4448
4734
4625
4633
4446
4477
4524
4647
4698
4770
4691
4787
4624
4588
4699
4610
4578
4603
4629
4608
4567
4474
4619
4581
4465
4560
4743
4876
4722
4668
4773
4790
4650
4633
4629
4621
4596
4730
4754
4677
4515
4652
4599
4627
4495
4491
4747
4702
4600
4651
4586
4735
4590
4669
4526
4740
4673
4482
4699
4648
4547
4480
4484
4627
4732
4569
4687
4698
4643
4623
4635
4791
4618
4545
4679
4688
4536
4485
4477
4623
4434
4516
4712
4640
4604
4643
4649
4701
4654
4577
4706
4624
4613
4556
4666
4635
4611
4569
4550
4635
4481
4519
4569
4762
4657
4655
4698
4662
4586
4704
4580
4605
4557
4609
4578
4565
4518
4538
4615
4615
4568
4486
4657
4753
4658
4679
4693
4685
4648
4551
4465
4672
4633
4538
4582
4653
4512
4538
4589
4528
4536
4563
4641
4768
4720
4662
4657
4694
4566
4510
4684
5296
4556
4609
4760
5028
4495
4527
4552
4989
4651
4694
4632
5270
4657
4626
4674
5032
4578
4605
4699
4642
4530
4548
4711
4584
4504
4554
4590
4619
4725
4686
4727
4694
4586
4665
4580
4616
4537
4742
4584
4628
4513
4597
4567
4602
4528
4576
4711
4667
4644
4663
4668
4743
4670
4510
4479
4684
4582
4565
4622
4728
4453
4758
4613
4631
4580
4850
4884
4823
4662
4637
4696
4645
4569
4575
4726
4872
4540
4563
4609
4661
4503
4513
4480
4694
4677
4598
4623
4676
4557
4590
4699
4621
4504
4558
4620
4651
4566
4544
4611
4602
4558
4478
4589
4764
4627
4668
4706
4745
4639
4581
4502
4642
4658
4522
4536
4614
4609
4483
4533
4683
4560
4441
4767
4706
4699
4579
4692
4772
4940
4652
4586
4753
4595
4528
4461
4686
4520
4457
4474
4670
4433
4585
4622
4698
4563
4592
4685
4647
4597
4693
4757
4966
4923
4634
4631
4701
4529
4573
4584
4703
4703
4658
4690
4780
4665
4693
4782
4753
4563
4617
4668
4985
4675
4562
4507
4626
4471
4505
4596
4971
4770
4766
4796
4677
4669
4571
4619
4659
4651
4626
4521
4611
4719
4583
4601
4623
4588
4602
4772
4829
4708
4741
4748
4692
4609
4482
4489
4675
4730
4726
4639
4580
4572
4561
4589
4589
5296
4967
4806
4778
4692
4630
4685
4708
4533
4571
4691
4614
4550
4485
4548
4527
4540
4503
4649
4928
4826
4691
4722
4715
4649
4622
4644
4617
4713
4733
4591
4615
4489
4457
4544
4596
4436
4560
4739
4817
4743
4712
4696
4650
4613
4554
4523
4581
4683
4519
4503
4590
4466
4436
4476
4473
4414
4539
4691
4749
4694
4728
4791
4755
4685
4688
4590
4714
4605
4567
4599
4660
4525
4509
4582
4581
4582
4681
4734
4700
4690
4625
4602
4813
4538
4544
4761
4713
4454
4559
4498
4756
4549
4427
4621
4642
4687
4647
4748
4706
4664
4566
4636
4590
4457
4601
4846
4655
4557
4424
4490
4549
4461
4433
4573
4690
4602
4634
4676
4678
4523
4691
4642
4631
4679
4541
4547
4611
4576
4420
4488
4557
4451
4548
4790
4771
4763
4867
4662
4726
4574
4531
4488
4601
4642
4528
4558
4599
4429
4483
4659
4817
4577
4619
4670
4738
4644
4554
4610
4732
4512
4572
4596
4712
4535
4553
4473
4613
4439
4674
4561
4599
4687
4663
4691
4745
4683
4616
4745
4622
4498
4566
4739
4661
4503
4436
4507
4663
4423
4580
4624
4658
4633
4621
4732
4619
4652
4617
4766
4582
4554
4474
4814
4641
4502
4608
4549
4601
4601
4560
4663
4751
4621
4618
4659
4640
4742
4578
4502
4653
4548
4525
4547
4609
4433
4480
4570
4564
4432
4589
4679
4646
4617
4670
4617
4698
4647
4576
4744
4700
4499
4502
4714
4627
4514
4873
4603
4595
4650
4590
4661
4760
4675
4782
4801
4674
4454
4525
4631
4574
4472
4500
4512
4600
4485
4559
4483
4667
4638
4610
4633
4707
4602
4541
4664
4603
4560
4568
4750
4612
4536
4515
4735
4689
4593
4485
4606
4657
4608
4585
4730
4660
4612
4612
4580
4612
4599
4609
4607
4614
4463
4551
4492
4623
4469
4504
4604
4637
4595
4595
4620
4631
4564
4546
4459
4811
4642
4566
4624
4616
4551
4514
4590
4684
4642
4605
4670
4653
4597
4572
4759
4693
4523
4560
4647
4755
4533
4555
4682
4637
4495
4502
4604
4690
4680
4686
4670
4645
4601
4597
4702
4564
4476
4500
4760
4588
4477
4510
4498
4585
4501
4582
4579
4695
4687
4628
4618
4639
4602
4613
4761
4680
4631
4559
4596
4613
4651
4509
4526
4578
4496
4467
4643
4628
4673
4602
4574
4657
4607
4558
4499
4578
4679
4487
4509
4592
4476
4419
4568
4574
4450
4646
4658
4590
4641
4640
4625
4675
4526
4588
4612
4718
4639
4561
4662
4631
4541
4426
4542
4546
4570
4622
4647
4626
4651
4585
4689
4691
4532
4577
4676
4633
4535
4528
4596
4605
4492
4503
4628
4614
4664
4650
4598
4635
4620
4674
4692
4549
4421
4588
4653
4737
4525
4477
4472
4567
4471
4444
4642
4673
4636
4567
4679
4732
4650
4648
4717
4727
4552
4561
4653
4591
4547
4495
4497
4610
4421
4463
4752
4636
4600
4589
4648
4615
4582
4564
4522
4661
4636
4525
4598
4644
4483
4447
4602
4599
4505
4629
4661
4692
4641
4583
4785
4795
4532
4478
4744
4635
4472
4517
4730
4615
4576
4549
4603
4618
4723
4648
4711
4672
4627
4633
4683
4571
4468
4622
4657
4588
4579
4531
4557
4632
4505
4507
4647
4729
4594
4618
4671
4677
4578
4668
4601
4635
4513
4648
4732
4608
4509
4678
4696
4647
4482
4536
4705
4656
4850
4680
4711
4714
4664
4603
4572
4636
4689
4546
4615
4643
4462
4569
4606
4605
4502
4637
4689
4696
4659
4638
4656
4694
4568
4573
4614
4750
4557
4606
4572
4607
4409
4467
4660
4725
4653
4668
4638
4706
4608
4618
4780
4601
4482
4480
4743
4600
4504
4505
4583
4685
4602
4539
4506
4643
4649
4644
4677
4764
4608
4616
4725
4622
4513
4633
4582
4602
4584
4573
4571
4624
4550
4497
4632
4619
4565
4562
4684
4632
4734
4567
4599
4635
4739
4517
4596
4730
4578
4562
4651
4654
4561
4543
4687
4677
4664
4592
4694
4588
4624
4544
4508
4694
4572
4512
4537
4618
4439
4455
4603
4625
4643
4611
4606
4621
4636
4549
4711
4627
4528
4480
4820
4801
4742
4551
4589
4620
4509
4574
4485
4688
4581
4644
4700
4636
4595
4600
4647
4557
4426
4613
4642
4575
4454
4446
4514
4562
4507
4543
4604
4823
4659
4640
4644
4683
4785
4670
4578
4605
4544
4554
4549
4676
4571
4446
4681
4652
4593
4463
4753
4817
4623
4728
4686
4740
4675
4535
4554
4706
4594
4486
4523
4614
4571
4498
4556
4625
4566
4672
4728
4659
4597
4631
4637
4649
4548
4537
4596
4612
4634
4448
4534
4632
4441
4510
4501
4595
4608
4640
4761
4710
4593
4680
4643
4620
4458
4708
4756
4604
4571
4549
4563
4697
4586
4540
4589
4608
4643
4603
4631
4658
4534
4680
4566
4620
4491
4708
4583
4624
4446
4432
4564
4601
4517
4567
4704
4644
4636
4573
4730
4636
4680
4631
4698
4812
4689
4663
4617
4668
4507
4527
4565
4641
4592
4636
4681
4662
4615
4651
4604
4627
4601
4549
4611
4804
4572
4512
4632
4607
4549
4545
4624
4594
4541
4695
4678
4666
4602
4606
4633
4686
4451
4461
4697
4801
4447
4446
4673
4760
4574
4492
4747
4644
4670
4619
4642
4752
4633
4695
4837
4603
4563
4776
4803
4645
4506
4630
4589
4601
4569
4593
4617
4657
4673
4593
4631
4689
4580
4647
4638
4658
4656
4647
4591
4581
4572
4581
4569
4606
4822
4685
4760
4606
4601
4722
4643
4721
4598
4591
4644
4789
4536
4575
4723
4623
4569
4466
4623
4624
4600
4677
4690
4788
4677
4632
4631
4659
4487
4475
4698
4696
4594
4601
4653
4602
4573
4592
4530
4691
4724
4693
4706
4659
4641
4599
4944
4718
4662
4629
4715
4644
4606
4585
4631
4675
4549
4585
4653
4684
4627
4708
4704
4632
4621
4575
4635
4620
4702
4599
4639
4659
4567
4567
4656
4596
4542
4694
4706
4662
4633
4585
4632
4699
4608
4576
4674
4727
4559
4511
4700
4742
4626
4662
4568
4630
4683
4713
4708
4766
4715
4623
4753
4811
4596
4688
4695
4693
4649
4575
4588
4682
4530
4628
4634
4782
4721
4763
4750
4773
4668
4675
4811
4654
4650
4794
4697
4823
4715
4595
4634
4665
4549
4572
4833
4810
4715
4733
4717
4811
4733
4680
4936
4920
4750
4816
4827
4932
4685
4738
4729
4821
4954
5045
4855
4982
4820
4932
4857
4968
4816
4986
4974
4916
4696
4851
4736
4919
4787
4729
4897
4963
4924
4854
4959
4933
4994
4961
5053
5238
4815
4957
4832
5438
4836
4831
4712
5082
4883
4896
4914
5506
4870
4904
4954
5121
4804
4928
4836
5403
4736
4818
4813
5127
4796
5009
4976
5469
4899
4931
4880
5349
4869
4687
4834
5570
4773
5019
4878
5110
4746
4727
4769
5262
4912
4835
4925
5444
4919
4810
4851
5214
4790
4874
4867
5368
4651
4686
4784
5086
4730
4888
4998
5408
4919
4987
4907
5243
4819
4654
4920
5396
4689
4719
4683
5226
4694
4730
5066
5329
4902
4837
4959
5488
4887
4856
4844
5269
4940
4747
4813
5384
4843
4721
4850
5311
5154
4920
5214
5632
4896
4829
4942
5197
4729
4808
5037
5483
4820
4716
4885
5071
4869
4738
4848
5595
5744
5754
5519
5889
7432
6238
5403
5237
5681
4806
4807
4833
5035
4732
4882
5092
5566
4949
4916
5136
5409
4940
4674
4811
5395
4658
4785
4999
5165
4663
4674
4777
5257
4969
4918
5032
5586
4839
4973
4926
5423
4903
4829
4789
5131
4847
4810
4850
4881
4847
4942
4901
5002
4849
4893
4943
4934
4718
4876
4845
4993
4647
4693
4784
4931
4765
4727
4770
5007
4866
4883
4959
5020
4825
4814
4828
4889
4943
4799
4902
4876
4883
4675
5072
4933
4834
4904
4981
4973
4893
4904
5034
4912
4744
4829
4996
4963
4694
4761
4711
4882
4781
4757
4814
5239
4984
4822
5100
5699
4929
4870
4804
4983
4841
4822
4765
5077
4801
4620
4903
4822
4897
4908
5173
4976
5034
4845
5019
4906
4950
4849
4964
4974
4906
4619
4845
4818
4754
4711
4862
4950
4938
4811
4928
4964
4956
4907
4822
5050
4876
4912
4818
4933
4774
4740
4848
4809
4748
4882
4812
4948
4880
4908
4886
4842
4946
4704
5007
5021
4682
4851
4871
4914
4695
4693
4770
5016
4935
4754
4873
4832
4872
5073
4863
4847
4953
4815
4845
4756
4930
4705
4760
4890
4933
4874
4925
4869
4764
4825
4743
4964
4693
4724
4939
5037
4743
4724
4950
4952
4683
4792
4765
5004
4817
4917
4873
4971
4816
5096
4706
4897
4696
4930
4702
4863
4753
4654
4709
5013
4702
4803
4900
4957
4885
4864
4903
4861
4884
4731
4816
4941
4656
4643
4780
5176
4740
4608
4872
5041
4936
4984
4982
5456
4864
4851
4797
5396
4860
4806
4990
5370
4784
4777
4875
5187
4596
4872
4929
5635
5181
5005
4976
5402
4813
4729
4988
5430
4867
4685
4740
4956
4737
4791
4766
5010
4843
4907
4887
5054
5004
5290
6067
5315
5213
5578
7596
6307
5642
5078
4977
4918
4930
5005
5012
4884
4785
4997
4945
5125
4895
4927
4841
4974
4761
4746
4894
4725
4605
4898
5228
4894
4897
4880
4945
4897
4875
4796
4892
4946
4942
5089
4978
4771
4736
4821
4948
5019
5038
4982
5013
4843
4973
5055
5202
4729
4947
4880
5489
4720
4906
4950
5585
5313
4971
5028
5505
4946
4802
4931
5277
4851
4714
4945
5526
4899
4839
4865
5123
4876
4847
4988
5404
5143
4747
4863
5351
4875
4867
4816
5214
4944
4787
4813
5413
4717
4866
4888
5127
4735
4971
4818
5472
4835
4902
4824
5281
4689
4763
5010
5499
4715
4756
4862
5119
4686
4759
4834
5464
4850
4969
4950
5299
5394
4883
4773
5993
4896
4745
4786
5347
4709
4725
4859
5103
7388
7061
5513
4787
4934
4854
5379
4828
4851
4985
5443
4673
4708
4670
5139
4647
4750
4818
5544
4901
4958
4807
5260
4787
4847
4756
5377
4794
4997
4785
5376
4728
4761
4711
5139
4986
4825
5046
5499
4833
4838
4871
5219
4810
4936
4947
5480
4747
4688
4975
5148
4679
4750
4857
5364
4904
4806
4818
5232
4852
4656
4957
5417
4687
4732
4859
5185
4821
4762
5128
5338
4814
4867
4935
5521
4921
4904
4839
5058
4858
4851
4793
5406
4721
4667
4891
5166
5030
4960
5002
5473
5125
4908
5058
5296
5102
4844
5005
5437
4945
4818
4915
5159
4913
4766
4967
5409
5759
5719
5481
5252
5158
6108
7231
6003
5004
5667
4939
4826
4789
5130
4854
5073
5089
5546
4963
5095
4984
5291
4857
5017
4893
5464
4968
4747
4801
5322
4835
4840
4906
5811
5046
4955
5041
5303
4969
5012
5116
5415
4825
4833
4822
5078
4716
4680
4677
5161
4853
4818
4904
5527
4853
4898
4803
5183
4830
4875
4876
5352
4719
4707
4721
5245
4749
4781
4878
5678
4955
4858
5145
5481
4841
4670
4946
5569
4801
4833
4826
5290
5052
4940
4791
5379
4872
4947
4972
5589
4860
4940
4850
5408
4836
4766
4761
5491
4903
4789
4825
5156
4786
5044
4992
5628
4922
5014
4938
5292
4868
4840
5049
5390
4713
4749
4714
5284
4713
4766
4947
5472
5016
4999
4964
5411
4910
4865
4687
5331
4872
4860
4851
5444
4798
4727
4845
5185
4929
4966
4958
5571
5061
4845
4897
5274
4927
4854
4773
5393
4978
4811
4835
5146
4713
4836
4875
5493
4965
4866
4941
5415
4935
4781
4812
5357
4925
4785
4772
5169
4713
4573
4759
5210
4927
4744
4928
5494
4882
4800
4796
5205
4885
4771
4715
5390
4724
5147
4793
5054
4748
4927
4942
5380
4859
4867
4933
5224
4719
4726
4855
5272
4741
5069
4888
5121
4695
5025
5400
5915
5429
5303
5792
5159
5183
5189
5619
5138
5190
5147
5740
4873
5111
5102
5303
5131
5126
5117
5555
5145
5103
5128
5694
5166
5079
5039
5461
4932
4836
4953
5145
4838
4915
5159
5583
5046
4996
5056
5254
4941
4771
4910
5404
4847
4689
4737
5446
4744
4708
4769
5174
4946
4936
5053
5575
4835
4958
4865
5233
4785
4934
4952
5507
4756
4715
4934
5193
4794
4819
4974
5512
4849
4995
5034
5358
4662
4676
4984
5507
4885
4734
4857
5168
4726
4779
4944
5320
4986
4885
5021
5515
4836
5058
4934
4894
4907
4799
4696
4902
4716
4773
4747
4862
4780
4852
4991
4992
4903
4886
4870
5083
4690
4824
5036
4975
4974
4895
4789
4873
4839
4812
4903
5005
5081
5005
5051
5051
4946
4892
4734
4962
4865
4808
4763
5393
4643
4706
4685
5179
4815
4953
4867
5619
4983
4935
4919
5272
4863
4841
4942
5439
4781
4739
4928
5291
4820
4782
4924
5582
4911
4960
4987
5139
4908
4741
4824
5363
4819
4833
4841
5502
4763
4842
4930
5354
5057
5041
5125
5655
4907
4925
4883
5170
4975
4914
4919
5348
4871
4783
4736
5135
4785
4749
4990
5475
4818
4735
4903
5245
4924
4780
4871
5537
4898
4688
4796
5269
4832
4744
4822
5366
4948
4740
4911
5471
4826
4866
4760
5245
4902
4852
4721
5385
4733
4814
4712
5144
4817
4854
5036
5518
4947
4858
4945
5240
5392
5502
4811
5461
5007
4918
4708
5278
4699
4795
6629
7201
6349
4951
4907
4868
4969
4851
4830
4629
4857
4778
4994
4736
4834
4811
4952
4863
5002
4957
5001
4884
4885
4872
4926
4783
4762
4935
5041
11475
6966
4894
4718
4809
4889
5042
4904
4918
4932
5114
4874
4809
4927
4944
4809
4709
4775
4888
4707
4668
4762
4854
4934
4885
4944
4986
4872
4900
4893
4844
4974
4839
4845
4917
4664
4691
4804
4877
4694
4686
5072
4928
4922
4799
4894
5073
4921
4627
4764
4998
4865
4827
4716
5016
4636
4881
4747
4930
4899
4944
4875
4952
4834
5054
4875
4928
4610
5013
4858
4959
4613
4801
4865
4930
4685
4766
4915
4984
4861
4846
4891
4899
4907
4939
4936
4944
4755
4757
4910
4981
4694
4735
4762
4870
5026
4902
4902
4987
4879
4897
4987
4928
4784
5128
4879
4873
4715
4774
4707
4780
4723
4645
5002
4994
4893
4830
4870
4849
4965
4820
4724
4971
4806
4734
4948
4947
4857
4846
4774
4873
4734
4854
4917
4919
4890
4882
4915
4933
4816
4891
4933
4987
4762
4712
4612
4898
4745
4793
4812
4885
4995
4838
5011
4867
5035
4795
4954
4910
4930
4751
4911
4809
4729
4633
4746
4883
4924
4906
5172
5006
5076
4912
5011
4936
4966
4865
5108
5476
4907
4927
4902
5083
4792
4713
4941
5492
4856
4876
4944
5482
4960
4788
4901
5352
4845
4663
4678
5377
4672
4670
4758
5120
4879
4919
4918
5481
4850
4895
5345
5264
5474
4992
4812
5556
4845
4780
4869
5168
5117
6935
5462
4880
4861
4909
5163
4815
4758
4875
5463
4753
4821
4816
5121
4750
4831
4770
5241
4920
4800
4879
5387
4789
4926
4856
5213
4763
4879
4886
5452
4700
4913
4672
5204
4662
4854
4830
5478
4819
5010
4833
5273
4723
4690
4801
5519
4662
4754
4672
5041
4642
4785
4845
5183
4846
4809
4770
5550
4693
4931
4820
5265
4854
4754
4605
5369
4663
4635
4754
5112
4957
4868
4955
5473
4893
4993
5084
5351
4839
4710
4933
5421
4824
4704
4704
5078
5037
4895
4801
5208
4796
4860
4898
5504
4928
4835
4793
5315
4786
4876
4791
5428
4610
4715
4701
5088
4753
4787
4927
5379
4953
4776
4898
5185
4706
4928
11310
5306
4933
4865
4833
4913
4778
4831
4933
5009
4901
4823
4900
5228
4771
4817
4896
4925
4843
4848
4854
4879
4779
4716
4878
4932
4982
5028
4918
5016
4783
4791
4877
4902
4785
5341
5062
4892
4812
4742
4749
4766
4873
4832
4971
5002
4899
4847
4918
5270
4774
4714
5046
4943
4713
5230
4951
4947
4717
4593
4762
6945
6793
4925
4906
4807
4958
5029
5005
4794
4898
4765
4919
4711
4653
4925
5086
4762
4749
4903
5049
4877
4807
4942
5019
4981
4663
4947
4859
4848
4677
4702
4780
4692
4618
4794
4835
4861
4887
4872
4945
4944
4982
4927
4919
4793
4967
4885
4869
4722
4830
4766
4782
4619
4724
4900
4927
4846
4899
4909
5047
5075
4787
5023
5443
4662
4767
5124
5005
4785
4812
4737
5012
4846
4866
4874
4816
4849
4993
5042
4932
4843
5211
4805
4940
4777
4722
4678
4815
4752
4836
4908
4906
4818
4829
4816
4978
5114
4740
5097
4983
5167
4828
